17.000000	-20046492.102850	0.028346
17.000000	-20892483.155846	0.016294
17.000000	-19634843.444819	-0.007159
17.000000	-20465666.172351	0.002939
17.000000	-20046492.102850	-0.018233
17.000000	-19634843.444819	-0.001621
17.000000	-19634843.444819	-0.014976
17.000000	-20046492.102850	-0.011719
17.000000	-20892483.155846	-0.009113
17.000000	-19634843.444819	-0.020839
17.000000	-21327062.079288	-0.004553
17.000000	-20892483.155846	-0.026051
17.000000	-20465666.172351	-0.006181
17.000000	-20465666.172351	-0.021817
17.000000	-19634843.444819	-0.012696
17.000000	-20046492.102850	-0.014976
17.000000	-20892483.155846	-0.021165
17.000000	-21327062.079288	-0.003250
17.000000	-20465666.172351	-0.026377
17.000000	-19634843.444819	-0.003901
17.000000	-19634843.444819	-0.026377
17.000000	-19230604.203546	-0.008787
17.000000	-20892483.155846	-0.019862
17.000000	-20465666.172351	-0.018885
17.000000	-19634843.444819	-0.006833
17.000000	-21327062.079288	-0.023771
17.000000	-20465666.172351	-0.019536
17.000000	-20892483.155846	-0.016605
17.000000	-20465666.172351	-0.022468
17.000000	-21769523.507811	-0.008136
17.000000	-20465666.172351	-0.028657
17.000000	-19634843.444819	-0.006181
17.000000	-19634843.444819	-0.026051
17.000000	-21769523.507811	-0.013347
17.000000	-19634843.444819	-0.017908
17.000000	-20046492.102850	-0.022468
17.000000	-20046492.102850	-0.009439
17.000000	-21769523.507811	-0.029634
17.000000	-20892483.155846	-0.006833
17.000000	-21769523.507811	-0.026377
17.000000	-20046492.102850	-0.013022
17.000000	-20892483.155846	-0.015628
17.000000	-21327062.079288	-0.022142
17.000000	-20465666.172351	-0.008787
17.000000	-20465666.172351	-0.027680
17.000000	-20892483.155846	-0.005856
17.000000	-21769523.507811	-0.028005
17.000000	-20892483.155846	-0.011067
17.000000	-22219989.561587	-0.019862
17.000000	-21327062.079288	-0.023119
17.000000	-21327062.079288	-0.007159
17.000000	-20465666.172351	-0.028657
17.000000	-21327062.079288	-0.007159
17.000000	-20465666.172351	-0.027028
17.000000	-19634843.444819	-0.011393
17.000000	-21327062.079288	-0.021165
17.000000	-20465666.172351	-0.021165
17.000000	-21769523.507811	-0.019862
17.000000	-20892483.155846	-0.028983
17.000000	-18833659.876624	-0.007810
17.000000	-19230604.203546	-0.026703
17.000000	-23145431.896863	-0.027028
17.000000	-20046492.102850	-0.007810
17.000000	-19634843.444819	-0.028983
17.000000	-19230604.203546	-0.009439
17.000000	-20046492.102850	-0.023445
17.000000	-21769523.507811	-0.018233
17.000000	-19634843.444819	-0.015628
17.000000	-21769523.507811	-0.026051
17.000000	-20465666.172351	-0.008787
17.000000	-22219989.561587	-0.028657
17.000000	-19634843.444819	-0.008787
17.000000	-21327062.079288	-0.022794
17.000000	-20892483.155846	-0.021491
17.000000	-20465666.172351	-0.013999
17.000000	-20465666.172351	-0.022142
17.000000	-20046492.102850	-0.012370
17.000000	-24104397.757976	-0.028983
17.000000	-22678583.931823	-0.008787
17.000000	-21327062.079288	-0.028657
17.000000	-23145431.896863	-0.011067
17.000000	-20046492.102850	-0.023119
17.000000	-18833659.876624	-0.021817
17.000000	-20892483.155846	-0.011393
17.000000	-24104397.757976	-0.028657
17.000000	-20046492.102850	-0.011067
17.000000	-19634843.444819	-0.026703
17.000000	-21769523.507811	-0.009439
17.000000	-20892483.155846	-0.025400
17.000000	-22678583.931823	-0.017256
17.000000	-19634843.444819	-0.016279
17.000000	-22219989.561587	-0.025725
17.000000	-19634843.444819	-0.011067
17.000000	-18061205.325570	-0.030286
17.000000	-19634843.444819	-0.007484
17.000000	-23145431.896863	-0.029308
17.000000	-20465666.172351	-0.011393
17.000000	-20465666.172351	-0.019862
17.000000	-19230604.203546	-0.018233
17.000000	-19230604.203546	-0.016931
17.000000	-21327062.079288	-0.026377
17.000000	-21769523.507811	-0.010090
17.000000	-18443897.438573	-0.030286
17.000000	-22678583.931823	-0.008136
17.000000	-20046492.102850	-0.027028
17.000000	-20046492.102850	-0.013999
17.000000	-21327062.079288	-0.019211
17.000000	-20892483.155846	-0.024748
17.000000	-21327062.079288	-0.010090
17.000000	-18833659.876624	-0.027680
17.000000	-19634843.444819	-0.009764
17.000000	-17316593.036961	-0.025400
17.000000	-18833659.876624	-0.018559
17.000000	-17685473.420306	-0.015302
17.000000	-18443897.438573	-0.026377
17.000000	-17316593.036961	-0.008787
17.000000	-18833659.876624	-0.030611
17.000000	-19230604.203546	-0.008787
17.000000	-18833659.876624	-0.027680
17.000000	-17316593.036961	-0.014976
17.000000	-17316593.036961	-0.015302
17.000000	-19634843.444819	-0.028331
17.000000	-16954456.906291	-0.009113
17.000000	-15907462.276679	-0.029960
17.000000	-16598959.160835	-0.007159
17.000000	-17685473.420306	-0.028657
17.000000	-15907462.276679	-0.012370
17.000000	-15571258.280451	-0.020514
17.000000	-15241282.925595	-0.021491
17.000000	-15571258.280451	-0.010742
17.000000	-15241282.925595	-0.028331
17.000000	-16598959.160835	-0.007159
17.000000	-14917437.135701	-0.018559
17.000000	-15241282.925595	-0.020514
17.000000	-14599623.149795	-0.020839
17.000000	-14917437.135701	-0.021491
17.000000	-13981706.039381	-0.009113
17.000000	-12535873.666252	-0.027680
17.000000	-13981706.039381	-0.005530
17.000000	-13097698.972691	-0.028005
17.000000	-13981706.039381	-0.011719
17.000000	-13681413.844722	-0.021817
17.000000	-12814094.745512	-0.019211
17.000000	-12814094.745512	-0.013347
17.000000	-11732637.950849	-0.027680
17.000000	-12814094.745512	-0.007159
17.000000	-11732637.950849	-0.028331
17.000000	-11995231.217170	-0.005204
17.000000	-13386775.286316	-0.024422
17.000000	-11732637.950849	-0.013673
17.000000	-11475084.013534	-0.017256
17.000000	-11222486.369517	-0.021165
17.000000	-11475084.013534	-0.009764
17.000000	-10974763.125159	-0.026703
17.000000	-10731833.516300	-0.007159
17.000000	-10493617.895780	-0.026377
17.000000	-11732637.950849	-0.015628
17.000000	-10493617.895780	-0.018559
17.000000	-10031015.541947	-0.019211
17.000000	-9586340.758546	-0.010742
17.000000	-9806474.988416	-0.022794
17.000000	-10031015.541947	-0.006181
17.000000	-9370538.606546	-0.025725
17.000000	-9806474.988416	-0.008787
17.000000	-9806474.988416	-0.020514
17.000000	-9806474.988416	-0.016605
17.000000	-8748397.753273	-0.013022
17.000000	-9586340.758546	-0.025400
17.000000	-8162671.667999	-0.006507
17.000000	-8748397.753273	-0.026051
17.000000	-8748397.753273	-0.006833
17.000000	-8748397.753273	-0.026377
17.000000	-8353982.853978	-0.009113
17.000000	-7975201.426575	-0.019536
17.000000	-9158995.330888	-0.016605
17.000000	-8162671.667999	-0.011719
17.000000	-7791505.914021	-0.024422
17.000000	-7791505.914021	-0.007159
17.000000	-7975201.426575	-0.026051
17.000000	-7975201.426575	-0.011393
17.000000	-6927397.823606	-0.016605
17.000000	-7435178.966150	-0.015302
17.000000	-7611519.867524	-0.013999
17.000000	-6765012.751798	-0.022794
17.000000	-7262419.819959	-0.008461
17.000000	-7262419.819959	-0.026051
17.000000	-7093179.959198	-0.007810
17.000000	-7262419.819959	-0.023445
17.000000	-7093179.959198	-0.013022
17.000000	-6765012.751798	-0.016279
17.000000	-6605964.970752	-0.020839
17.000000	-6765012.751798	-0.008461
17.000000	-6927397.823606	-0.023119
17.000000	-5718523.426866	-0.009439
17.000000	-6605964.970752	-0.022794
17.000000	-6001981.805137	-0.012696
17.000000	-6297646.568198	-0.014650
17.000000	-6148260.749087	-0.020839
17.000000	-6605964.970752	-0.008136
17.000000	-6001981.805137	-0.026377
17.000000	-5581235.492691	-0.006181
17.000000	-5718523.426866	-0.023771
17.000000	-5718523.426866	-0.011067
17.000000	-5718523.426866	-0.014325
17.000000	-5446837.414290	-0.021817
17.000000	-5581235.492691	-0.011719
17.000000	-5315276.955693	-0.022794
17.000000	-5186502.669116	-0.005204
17.000000	-5315276.955693	-0.025400
17.000000	-5446837.414290	-0.009439
17.000000	-5446837.414290	-0.018885
17.000000	-5446837.414290	-0.016605
17.000000	-4469582.413976	-0.011067
17.000000	-4816393.986903	-0.024422
17.000000	-4698265.342519	-0.005856
17.000000	-4582677.123474	-0.023119
17.000000	-4358935.021507	-0.008461
17.000000	-5315276.955693	-0.024748
17.000000	-5060463.885429	-0.009764
17.000000	-4937110.704713	-0.017908
17.000000	-4358935.021507	-0.015953
17.000000	-4250689.467889	-0.010742
17.000000	-4358935.021507	-0.023771
17.000000	-4469582.413976	-0.005204
17.000000	-4582677.123474	-0.025074
17.000000	-4582677.123474	-0.006833
17.000000	-4582677.123474	-0.017582
17.000000	-4469582.413976	-0.021165
17.000000	-4144800.980433	-0.007810
17.000000	-4041225.483167	-0.019862
17.000000	-4250689.467889	-0.007159
17.000000	-3840840.586866	-0.025074
17.000000	-4358935.021507	-0.005204
17.000000	-3939919.588150	-0.023445
17.000000	-3743946.441694	-0.009439
17.000000	-4144800.980433	-0.015953
17.000000	-3743946.441694	-0.017908
17.000000	-3743946.441694	-0.008461
17.000000	-3743946.441694	-0.023445
17.000000	-3649195.777472	-0.011393
17.000000	-3649195.777472	-0.011393
17.000000	-3556547.873121	-0.014976
17.000000	-3840840.586866	-0.009439
17.000000	-3743946.441694	-0.023771
17.000000	-3649195.777472	-0.005204
17.000000	-3649195.777472	-0.025074
17.000000	-3377400.680528	-0.001295
17.000000	-3377400.680528	-0.015302
17.000000	-3123469.260481	-0.016605
17.000000	-3290823.146393	-0.009764
17.000000	-3556547.873121	-0.024097
17.000000	-3556547.873121	-0.004878
17.000000	-3290823.146393	-0.024097
17.000000	-3290823.146393	-0.003901
17.000000	-3123469.260481	-0.021165
17.000000	-3042618.367537	-0.009764
17.000000	-2810935.194488	-0.014325
17.000000	-2810935.194488	-0.018233
17.000000	-2963602.815242	-0.006181
17.000000	-2963602.815242	-0.022468
17.000000	-3042618.367537	-0.003575
17.000000	-2963602.815242	-0.022794
17.000000	-3206191.864163	-0.007159
17.000000	-3042618.367537	-0.020514
17.000000	-2737213.305155	-0.006181
17.000000	-2810935.194488	-0.012696
17.000000	-2737213.305155	-0.019211
17.000000	-3042618.367537	-0.006833
17.000000	-2737213.305155	-0.023771
17.000000	-2665187.099612	-0.004227
17.000000	-2665187.099612	-0.020514
17.000000	-2963602.815242	-0.010416
17.000000	-2458950.379010	-0.012696
17.000000	-2886386.823491	-0.018233
17.000000	-2810935.194488	-0.003901
17.000000	-2146116.711292	-0.024422
17.000000	-2594823.081727	-0.004227
17.000000	-2266801.702407	-0.023445
17.000000	-2810935.194488	-0.006507
17.000000	-2266801.702407	-0.017582
17.000000	-2329338.144654	-0.013347
17.000000	-2329338.144654	-0.010090
17.000000	-2393377.434685	-0.021165
17.000000	-2458950.379010	-0.004227
17.000000	-2393377.434685	-0.023445
17.000000	-2329338.144654	-0.004878
17.000000	-2329338.144654	-0.019536
17.000000	-2266801.702407	-0.017908
17.000000	-2458950.379010	-0.008136
17.000000	-2266801.702407	-0.019536
17.000000	-1975619.755383	-0.002924
17.000000	-2087909.104712	-0.022468
17.000000	-2031086.216817	-0.003575
17.000000	-2266801.702407	-0.016605
17.000000	-2031086.216817	-0.013347
17.000000	-2205737.818037	-0.009113
17.000000	-2266801.702407	-0.020188
17.000000	-2329338.144654	-0.003250
17.000000	-2205737.818037	-0.020839
17.000000	-2146116.711292	-0.007484
17.000000	-2146116.711292	-0.018885
17.000000	-1975619.755383	-0.011719
17.000000	-1868645.349325	-0.010742
17.000000	-1975619.755383	-0.018885
17.000000	-2031086.216817	-0.004227
17.000000	-1868645.349325	-0.023119
17.000000	-1975619.755383	-0.002924
17.000000	-1921481.910769	-0.020839
17.000000	-1717677.030759	-0.008787
17.000000	-1921481.910769	-0.011393
17.000000	-1868645.349325	-0.023445
17.000000	-1868645.349325	-0.002924
17.000000	-1975619.755383	-0.019862
17.000000	-1868645.349325	-0.008461
17.000000	-1868645.349325	-0.014325
17.000000	-1817083.206866	-0.015953
17.000000	-1868645.349325	-0.005856
17.000000	-1766769.082204	-0.022794
17.000000	-1669781.558229	-0.002598
17.000000	-1623057.614325	-0.022142
17.000000	-1817083.206866	-0.005530
17.000000	-1669781.558229	-0.013347
17.000000	-1817083.206866	-0.021817
17.000000	-1577480.586579	-0.002924
17.000000	-1577480.586579	-0.022794
17.000000	-1447391.314567	-0.001621
17.000000	-1623057.614325	-0.019862
17.000000	-1717677.030759	-0.007484
17.000000	-1669781.558229	-0.013347
17.000000	-1669781.558229	-0.015628
17.000000	-1669781.558229	-0.005530
17.000000	-1577480.586579	-0.020839
17.000000	-1577480.586579	-0.002598
17.000000	-1533026.294210	-0.021165
17.000000	-1577480.586579	-0.007484
17.000000	-1577480.586579	-0.018233
17.000000	-1533026.294210	-0.012370
17.000000	-1489670.982055	-0.006833
17.000000	-1489670.982055	-0.019536
17.000000	-1406164.369875	-0.002273
17.000000	-1489670.982055	-0.022142
17.000000	-1288576.736041	-0.003250
17.000000	-1489670.982055	-0.018233
17.000000	-1447391.314567	-0.009764
17.000000	-1365967.633907	-0.010416
17.000000	-1326778.994580	-0.015953
17.000000	-1326778.994580	-0.007159
17.000000	-1365967.633907	-0.019536
17.000000	-1251339.532983	-0.002598
17.000000	-1447391.314567	-0.023445
17.000000	-1406164.369875	-0.004227
17.000000	-1577480.586579	-0.018233
17.000000	-1365967.633907	-0.010090
17.000000	-1179676.911094	-0.010416
17.000000	-1489670.982055	-0.018233
17.000000	-1288576.736041	-0.004553
17.000000	-1447391.314567	-0.021817
17.000000	-1365967.633907	-0.002598
17.000000	-1406164.369875	-0.018559
17.000000	-1406164.369875	-0.005204
17.000000	-1251339.532983	-0.017908
17.000000	-1179676.911094	-0.009113
17.000000	-1251339.532983	-0.010416
17.000000	-1179676.911094	-0.017908
17.000000	-1215046.445015	-0.004553
17.000000	-1215046.445015	-0.022142
17.000000	-1251339.532983	-0.001947
17.000000	-1251339.532983	-0.020188
17.000000	-1288576.736041	-0.006181
17.000000	-1251339.532983	-0.013022
17.000000	-1215046.445015	-0.011067
17.000000	-1179676.911094	-0.008787
17.000000	-1145210.744019	-0.018885
17.000000	-1179676.911094	-0.002924
17.000000	-1179676.911094	-0.022142
17.000000	-1078909.598183	-0.003575
17.000000	-1215046.445015	-0.018233
17.000000	-985749.346840	-0.008461
17.000000	-1078909.598183	-0.012045
17.000000	-1078909.598183	-0.015302
17.000000	-1047036.065501	-0.004553
17.000000	-1111628.124982	-0.021165
17.000000	-985749.346840	-0.009764
17.000000	-1047036.065501	-0.012696
17.000000	-1179676.911094	-0.011719
17.000000	-1015988.781225	-0.005530
17.000000	-1111628.124982	-0.020188
17.000000	-1288576.736041	-0.000970
17.000000	-1145210.744019	-0.020514
17.000000	-1047036.065501	-0.004227
17.000000	-927622.138826	-0.016605
17.000000	-1047036.065501	-0.011067
17.000000	-985749.346840	-0.008461
17.000000	-872514.002933	-0.021165
17.000000	-956299.705880	-0.001621
17.000000	-956299.705880	-0.020839
17.000000	-1078909.598183	-0.001621
17.000000	-899699.258070	-0.016605
17.000000	-985749.346840	-0.009113
17.000000	-1078909.598183	-0.008136
17.000000	-899699.258070	-0.017908
17.000000	-927622.138826	-0.007159
17.000000	-1015988.781225	-0.022794
17.000000	-956299.705880	-0.002598
17.000000	-985749.346840	-0.017908
17.000000	-985749.346840	-0.013022
17.000000	-985749.346840	-0.011067
17.000000	-927622.138826	-0.009439
17.000000	-899699.258070	-0.009113
17.000000	-872514.002933	-0.017256
17.000000	-927622.138826	-0.000644
17.000000	-899699.258070	-0.022142
17.000000	-846049.634738	-0.002598
17.000000	-956299.705880	-0.016931
17.000000	-795218.185316	-0.008461
17.000000	-899699.258070	-0.009764
17.000000	-872514.002933	-0.017908
17.000000	-899699.258070	-0.001947
17.000000	-872514.002933	-0.021817
17.000000	-899699.258070	-0.001621
17.000000	-723977.175396	-0.020188
17.000000	-872514.002933	-0.005856
17.000000	-820289.731941	-0.013022
17.000000	-956299.705880	-0.012696
17.000000	-899699.258070	-0.005856
17.000000	-899699.258070	-0.019862
17.000000	-770819.193195	-0.001295
17.000000	-770819.193195	-0.020188
17.000000	-795218.185316	-0.002598
17.000000	-872514.002933	-0.012370
17.000000	-723977.175396	-0.008461
17.000000	-770819.193195	-0.015953
17.000000	-747077.256760	-0.010416
17.000000	-770819.193195	-0.008787
17.000000	-770819.193195	-0.017582
17.000000	-795218.185316	-0.001621
17.000000	-747077.256760	-0.020514
17.000000	-747077.256760	-0.001947
17.000000	-872514.002933	-0.017582
17.000000	-846049.634738	-0.007159
17.000000	-658380.432405	-0.010742
17.000000	-795218.185316	-0.020839
17.000000	-679643.238889	-0.000318
17.000000	-701504.042091	-0.019862
17.000000	-637701.569378	-0.000318
17.000000	-723977.175396	-0.020188
17.000000	-770819.193195	-0.004553
17.000000	-899699.258070	-0.013673
17.000000	-770819.193195	-0.011719
17.000000	-770819.193195	-0.006181
17.000000	-658380.432405	-0.018559
17.000000	-747077.256760	0.000008
17.000000	-701504.042091	-0.021165
17.000000	-747077.256760	-0.007159
17.000000	-872514.002933	-0.013022
17.000000	-747077.256760	-0.004227
17.000000	-637701.569378	-0.012370
17.000000	-701504.042091	-0.013999
17.000000	-747077.256760	-0.011067
17.000000	-617592.872290	-0.018233
17.000000	-637701.569378	-0.003575
17.000000	-679643.238889	-0.019536
17.000000	-723977.175396	-0.003901
17.000000	-679643.238889	-0.012045
17.000000	-598040.835027	-0.018233
17.000000	-701504.042091	0.001311
17.000000	-701504.042091	-0.019536
17.000000	-723977.175396	0.000333
17.000000	-679643.238889	-0.018885
17.000000	-701504.042091	-0.004227
17.000000	-617592.872290	-0.012370
17.000000	-617592.872290	-0.012696
17.000000	-617592.872290	-0.004553
17.000000	-617592.872290	-0.019536
17.000000	-617592.872290	-0.000318
17.000000	-637701.569378	-0.019211
17.000000	-658380.432405	-0.006833
17.000000	-617592.872290	-0.013347
17.000000	-560554.046890	-0.007484
17.000000	-598040.835027	-0.013999
17.000000	-658380.432405	-0.011067
17.000000	-598040.835027	-0.004878
17.000000	-723977.175396	-0.018885
17.000000	-579032.218595	0.000008
17.000000	-560554.046890	-0.015302
17.000000	-579032.218595	-0.002273
17.000000	-598040.835027	-0.013022
17.000000	-542593.602508	-0.010416
17.000000	-560554.046890	-0.003575
17.000000	-617592.872290	-0.016279
17.000000	-679643.238889	-0.005530
17.000000	-579032.218595	-0.015628
17.000000	-598040.835027	-0.001295
17.000000	-525138.422618	-0.020514
17.000000	-579032.218595	-0.000318
17.000000	-637701.569378	-0.019211
17.000000	-560554.046890	-0.004227
17.000000	-525138.422618	-0.011393
17.000000	-525138.422618	-0.012696
17.000000	-525138.422618	-0.002598
17.000000	-579032.218595	-0.020514
17.000000	-560554.046890	-0.000318
17.000000	-491695.253388	-0.020839
17.000000	-525138.422618	-0.000644
17.000000	-525138.422618	-0.014650
17.000000	-598040.835027	-0.010090
17.000000	-598040.835027	-0.007159
17.000000	-491695.253388	-0.017582
17.000000	-508176.294875	-0.001295
17.000000	-508176.294875	-0.021165
17.000000	-598040.835027	-0.000644
17.000000	-542593.602508	-0.016931
17.000000	-508176.294875	-0.008461
17.000000	-508176.294875	-0.013022
17.000000	-475683.574731	-0.006507
17.000000	-508176.294875	-0.010742
17.000000	-525138.422618	-0.013999
17.000000	-579032.218595	-0.002924
17.000000	-508176.294875	-0.018559
17.000000	-525138.422618	0.000333
17.000000	-525138.422618	-0.019536
17.000000	-525138.422618	-0.003575
17.000000	-475683.574731	-0.013347
17.000000	-525138.422618	-0.010416
17.000000	-475683.574731	-0.003901
17.000000	-508176.294875	-0.016279
17.000000	-508176.294875	-0.002273
17.000000	-460129.774012	-0.020188
17.000000	-508176.294875	-0.000318
17.000000	-475683.574731	-0.018885
17.000000	-475683.574731	-0.003901
17.000000	-445022.600975	-0.011719
17.000000	-542593.602508	-0.012045
17.000000	-491695.253388	-0.003901
17.000000	-491695.253388	-0.018559
17.000000	-508176.294875	0.000008
17.000000	-475683.574731	-0.013022
17.000000	-525138.422618	-0.009113
17.000000	-460129.774012	-0.012045
17.000000	-542593.602508	-0.013347
17.000000	-445022.600975	-0.002924
17.000000	-475683.574731	-0.019536
17.000000	-445022.600975	0.000008
17.000000	-508176.294875	-0.018233
17.000000	-508176.294875	-0.003575
17.000000	-475683.574731	-0.013022
17.000000	-475683.574731	-0.009764
17.000000	-460129.774012	-0.005530
17.000000	-491695.253388	-0.013347
17.000000	-430351.036167	-0.008136
17.000000	-475683.574731	-0.015628
17.000000	-525138.422618	-0.001621
17.000000	-579032.218595	-0.019536
17.000000	-508176.294875	0.001962
17.000000	-475683.574731	-0.019862
17.000000	-416104.287139	-0.002273
17.000000	-445022.600975	-0.012045
17.000000	-388843.179215	-0.011393
17.000000	-430351.036167	-0.003250
17.000000	-375808.336952	-0.019536
17.000000	-475683.574731	0.000008
17.000000	-460129.774012	-0.019211
17.000000	-460129.774012	0.002288
17.000000	-388843.179215	-0.021491
17.000000	-491695.253388	0.000659
17.000000	-445022.600975	-0.017256
17.000000	-402271.784700	-0.007159
17.000000	-508176.294875	-0.008461
17.000000	-388843.179215	-0.015953
17.000000	-416104.287139	-0.000318
17.000000	-350880.465062	-0.021165
17.000000	-460129.774012	-0.000318
17.000000	-388843.179215	-0.013999
17.000000	-460129.774012	-0.003901
17.000000	-416104.287139	-0.010090
17.000000	-416104.287139	-0.015302
17.000000	-375808.336952	-0.001621
17.000000	-430351.036167	-0.020839
17.000000	-388843.179215	0.001311
17.000000	-375808.336952	-0.015953
17.000000	-388843.179215	-0.007484
17.000000	-402271.784700	-0.005204
17.000000	-375808.336952	-0.020514
17.000000	-402271.784700	-0.007810
17.000000	-430351.036167	-0.009764
17.000000	-327411.281192	-0.007159
17.000000	-430351.036167	-0.008136
17.000000	-388843.179215	-0.019862
17.000000	-375808.336952	0.001962
17.000000	-430351.036167	-0.020188
17.000000	-375808.336952	-0.003901
17.000000	-388843.179215	-0.010742
17.000000	-388843.179215	-0.014976
17.000000	-416104.287139	0.000008
17.000000	-445022.600975	-0.020839
17.000000	-402271.784700	-0.000318
17.000000	-363157.336472	-0.017582
17.000000	-375808.336952	-0.005204
17.000000	-375808.336952	-0.006181
17.000000	-388843.179215	-0.016605
17.000000	-388843.179215	-0.000318
17.000000	-350880.465062	-0.021817
17.000000	-316200.555506	0.001636
17.000000	-350880.465062	-0.019536
17.000000	-402271.784700	-0.004553
17.000000	-388843.179215	-0.010416
17.000000	-375808.336952	-0.015628
17.000000	-350880.465062	0.000985
17.000000	-416104.287139	-0.019536
17.000000	-350880.465062	0.001636
17.000000	-402271.784700	-0.015628
17.000000	-445022.600975	0.000985
17.000000	-416104.287139	-0.013347
17.000000	-375808.336952	-0.009439
17.000000	-338968.215224	-0.005530
17.000000	-388843.179215	-0.014650
17.000000	-363157.336472	0.002288
17.000000	-375808.336952	-0.019862
17.000000	-350880.465062	-0.002273
17.000000	-350880.465062	-0.009439
17.000000	-402271.784700	-0.010090
17.000000	-363157.336472	-0.003901
17.000000	-363157.336472	-0.018559
17.000000	-338968.215224	0.001636
17.000000	-350880.465062	-0.019862
17.000000	-327411.281192	0.000333
17.000000	-350880.465062	-0.016605
17.000000	-350880.465062	-0.005856
17.000000	-375808.336952	-0.008461
17.000000	-327411.281192	-0.014325
17.000000	-375808.336952	0.000985
17.000000	-350880.465062	-0.018885
17.000000	-327411.281192	-0.002924
17.000000	-305327.125628	-0.013999
17.000000	-350880.465062	-0.009439
17.000000	-294782.270591	-0.006507
17.000000	-305327.125628	-0.015302
17.000000	-375808.336952	0.000008
17.000000	-294782.270591	-0.019211
17.000000	-294782.270591	0.000659
17.000000	-305327.125628	-0.017256
17.000000	-327411.281192	-0.004553
17.000000	-338968.215224	-0.009764
17.000000	-350880.465062	-0.011067
17.000000	-327411.281192	-0.006833
17.000000	-316200.555506	-0.017256
17.000000	-316200.555506	-0.008461
17.000000	-316200.555506	-0.023445
17.000000	-316200.555506	-0.004553
17.000000	-316200.555506	-0.019211
17.000000	-305327.125628	-0.008136
17.000000	-284557.457710	-0.012370
17.000000	-305327.125628	-0.013347
17.000000	-375808.336952	-0.004878
17.000000	-305327.125628	-0.020188
17.000000	-284557.457710	-0.002924
17.000000	-316200.555506	-0.016279
17.000000	-327411.281192	-0.008136
17.000000	-350880.465062	-0.009764
17.000000	-305327.125628	-0.014650
17.000000	-294782.270591	-0.004878
17.000000	-327411.281192	-0.018559
17.000000	-327411.281192	-0.001621
17.000000	-274644.339317	-0.018559
17.000000	-305327.125628	-0.004878
17.000000	-327411.281192	-0.013999
17.000000	-388843.179215	-0.015628
17.000000	-327411.281192	-0.003250
17.000000	-338968.215224	-0.013999
17.000000	-284557.457710	-0.002273
17.000000	-265034.749546	-0.017908
17.000000	-327411.281192	-0.000644
17.000000	-305327.125628	-0.017256
17.000000	-327411.281192	-0.005856
17.000000	-284557.457710	-0.009439
17.000000	-255720.701166	-0.013673
17.000000	-338968.215224	-0.003901
17.000000	-316200.555506	-0.018233
17.000000	-294782.270591	-0.002273
17.000000	-294782.270591	-0.016931
17.000000	-338968.215224	-0.002924
17.000000	-284557.457710	-0.013022
17.000000	-350880.465062	-0.008461
17.000000	-305327.125628	-0.004553
17.000000	-316200.555506	-0.017256
17.000000	-255720.701166	-0.001295
17.000000	-338968.215224	-0.018233
17.000000	-327411.281192	-0.007810
17.000000	-237948.154061	-0.010742
17.000000	-237948.154061	-0.013022
17.000000	-265034.749546	-0.001621
17.000000	-294782.270591	-0.019211
17.000000	-265034.749546	-0.001947
17.000000	-338968.215224	-0.019211
17.000000	-316200.555506	-0.001621
17.000000	-338968.215224	-0.017908
17.000000	-316200.555506	-0.005204
17.000000	-246694.382445	-0.012045
17.000000	-305327.125628	-0.011719
17.000000	-284557.457710	-0.006181
17.000000	-255720.701166	-0.017256
17.000000	-284557.457710	-0.000318
17.000000	-327411.281192	-0.017908
17.000000	-305327.125628	-0.001295
17.000000	-255720.701166	-0.018233
17.000000	-265034.749546	-0.001621
17.000000	-305327.125628	-0.015302
17.000000	-265034.749546	-0.006507
17.000000	-274644.339317	-0.008136
17.000000	-294782.270591	-0.013347
17.000000	-284557.457710	-0.003575
17.000000	-294782.270591	-0.017908
17.000000	-265034.749546	-0.001621
17.000000	-294782.270591	-0.016279
17.000000	-265034.749546	-0.004878
17.000000	-294782.270591	-0.014650
17.000000	-274644.339317	-0.003575
17.000000	-255720.701166	-0.014325
17.000000	-246694.382445	-0.010090
17.000000	-265034.749546	-0.007484
17.000000	-265034.749546	-0.014976
17.000000	-255720.701166	-0.001295
17.000000	-265034.749546	-0.018559
17.000000	-274644.339317	-0.001295
17.000000	-265034.749546	-0.016279
17.000000	-265034.749546	-0.007159
17.000000	-305327.125628	-0.002598
17.000000	-265034.749546	-0.016931
17.000000	-294782.270591	-0.002924
17.000000	-255720.701166	-0.018559
17.000000	-237948.154061	-0.001947
17.000000	-255720.701166	-0.016605
17.000000	-338968.215224	-0.006181
17.000000	-265034.749546	-0.010090
17.000000	-305327.125628	-0.012696
17.000000	-284557.457710	-0.003901
17.000000	-274644.339317	-0.018559
17.000000	-294782.270591	-0.003575
17.000000	-265034.749546	-0.016605
17.000000	-265034.749546	-0.001295
17.000000	-237948.154061	-0.017908
17.000000	-246694.382445	-0.002924
17.000000	-255720.701166	-0.013347
17.000000	-255720.701166	-0.008461
17.000000	-274644.339317	-0.007159
17.000000	-237948.154061	-0.014650
17.000000	-265034.749546	-0.001295
17.000000	-265034.749546	-0.017582
17.000000	-284557.457710	-0.001621
17.000000	-229474.546053	-0.013999
17.000000	-284557.457710	-0.007484
17.000000	-274644.339317	-0.013999
17.000000	-265034.749546	-0.004878
17.000000	-265034.749546	-0.012370
17.000000	-237948.154061	-0.011067
17.000000	-246694.382445	-0.006507
17.000000	-221266.254812	-0.016931
17.000000	-246694.382445	-0.001295
17.000000	-265034.749546	-0.018559
17.000000	-246694.382445	-0.001295
17.000000	-246694.382445	-0.013347
17.000000	-265034.749546	-0.016931
17.000000	-255720.701166	0.000008
17.000000	-221266.254812	-0.017256
17.000000	-246694.382445	0.000333
17.000000	-255720.701166	-0.017256
17.000000	-237948.154061	-0.003250
17.000000	-265034.749546	-0.012045
17.000000	-237948.154061	-0.009764
17.000000	-265034.749546	-0.005530
17.000000	-237948.154061	-0.015628
17.000000	-246694.382445	-0.002273
17.000000	-229474.546053	-0.018233
17.000000	-265034.749546	-0.013673
17.000000	-246694.382445	-0.004227
17.000000	-221266.254812	-0.011067
17.000000	-237948.154061	-0.002924
17.000000	-305327.125628	-0.016605
17.000000	-237948.154061	-0.001295
17.000000	-213316.140113	-0.017908
17.000000	-246694.382445	-0.002598
17.000000	-246694.382445	-0.011067
17.000000	-229474.546053	-0.010742
17.000000	-213316.140113	-0.002598
17.000000	-265034.749546	-0.017256
17.000000	-246694.382445	-0.000644
17.000000	-221266.254812	-0.017582
17.000000	-237948.154061	-0.001295
17.000000	-221266.254812	-0.017908
17.000000	-246694.382445	-0.000644
17.000000	-221266.254812	-0.015302
17.000000	-213316.140113	-0.006507
17.000000	-213316.140113	-0.008461
17.000000	-229474.546053	-0.013347
17.000000	-229474.546053	-0.003250
17.000000	-255720.701166	-0.017582
17.000000	-221266.254812	-0.001295
17.000000	-246694.382445	-0.018233
17.000000	-237948.154061	-0.000644
17.000000	-237948.154061	-0.018559
17.000000	-237948.154061	-0.000644
17.000000	-246694.382445	-0.018559
17.000000	-274644.339317	-0.004553
17.000000	-221266.254812	-0.011719
17.000000	-237948.154061	-0.010742
17.000000	-255720.701166	-0.006181
17.000000	-237948.154061	-0.014976
17.000000	-274644.339317	-0.001621
17.000000	-221266.254812	-0.018885
17.000000	-221266.254812	-0.000970
17.000000	-190945.842541	-0.018885
17.000000	-221266.254812	-0.000644
17.000000	-221266.254812	-0.015302
17.000000	-205617.222185	-0.005530
17.000000	-221266.254812	-0.009439
17.000000	-229474.546053	-0.011393
17.000000	-213316.140113	-0.000318
17.000000	-213316.140113	-0.015953
17.000000	-237948.154061	0.000659
17.000000	-237948.154061	-0.017582
17.000000	-237948.154061	-0.003250
17.000000	-221266.254812	-0.004878
17.000000	-229474.546053	-0.013673
17.000000	-246694.382445	-0.007484
17.000000	-237948.154061	-0.014325
17.000000	-229474.546053	-0.000644
17.000000	-213316.140113	-0.017582
17.000000	-229474.546053	0.000008
17.000000	-237948.154061	-0.017908
17.000000	-213316.140113	-0.000644
17.000000	-221266.254812	-0.015953
17.000000	-237948.154061	-0.005856
17.000000	-229474.546053	-0.006833
17.000000	-205617.222185	-0.015302
17.000000	-255720.701166	-0.004878
17.000000	-229474.546053	-0.015953
17.000000	-265034.749546	0.000008
17.000000	-221266.254812	-0.017256
17.000000	-190945.842541	-0.001295
17.000000	-221266.254812	-0.014976
17.000000	-221266.254812	-0.006507
17.000000	-221266.254812	-0.009113
17.000000	-221266.254812	-0.014325
17.000000	-213316.140113	-0.001295
17.000000	-246694.382445	-0.015628
17.000000	-198162.678824	-0.003250
17.000000	-213316.140113	-0.015628
17.000000	-190945.842541	-0.002598
17.000000	-198162.678824	-0.013022
17.000000	-221266.254812	-0.015302
17.000000	-237948.154061	-0.007484
17.000000	-190945.842541	-0.014650
17.000000	-183960.197749	-0.003250
17.000000	-190945.842541	-0.017908
17.000000	-221266.254812	-0.000970
17.000000	-198162.678824	-0.016931
17.000000	-229474.546053	-0.013022
17.000000	-221266.254812	-0.004553
17.000000	-198162.678824	-0.010742
17.000000	-237948.154061	-0.004227
17.000000	-183960.197749	-0.015953
17.000000	-213316.140113	0.000659
17.000000	-205617.222185	-0.016931
17.000000	-229474.546053	-0.002598
17.000000	-183960.197749	-0.013022
17.000000	-221266.254812	-0.009113
17.000000	-246694.382445	-0.005530
17.000000	-198162.678824	-0.017256
17.000000	-198162.678824	0.000008
17.000000	-190945.842541	-0.018559
17.000000	-183960.197749	-0.000318
17.000000	-221266.254812	-0.016605
17.000000	-205617.222185	-0.001295
17.000000	-205617.222185	-0.010416
17.000000	-213316.140113	-0.010742
17.000000	-237948.154061	-0.002924
17.000000	-190945.842541	-0.016931
17.000000	-229474.546053	-0.000318
17.000000	-190945.842541	-0.018885
17.000000	-198162.678824	-0.002598
17.000000	-213316.140113	-0.006833
17.000000	-190945.842541	-0.010742
17.000000	-198162.678824	-0.010742
17.000000	-190945.842541	-0.011393
17.000000	-229474.546053	-0.002924
17.000000	-198162.678824	-0.017256
17.000000	-190945.842541	0.000659
17.000000	-237948.154061	-0.018885
17.000000	-198162.678824	-0.002598
17.000000	-221266.254812	-0.013999
17.000000	-170657.163215	-0.007810
17.000000	-229474.546053	-0.004878
17.000000	-213316.140113	-0.018559
17.000000	-177199.377994	-0.000644
17.000000	-221266.254812	-0.017582
17.000000	-190945.842541	-0.000970
17.000000	-190945.842541	-0.019211
17.000000	-198162.678824	-0.001947
17.000000	-205617.222185	-0.013673
17.000000	-190945.842541	-0.008136
17.000000	-198162.678824	-0.006833
17.000000	-198162.678824	-0.014325
17.000000	-190945.842541	-0.001947
17.000000	-221266.254812	-0.018233
17.000000	-205617.222185	-0.000970
17.000000	-205617.222185	-0.018233
17.000000	-183960.197749	0.001311
17.000000	-190945.842541	-0.018233
17.000000	-198162.678824	-0.002598
17.000000	-164327.477052	-0.011719
17.000000	-177199.377994	-0.009764
17.000000	-198162.678824	-0.005204
17.000000	-229474.546053	-0.015953
17.000000	-213316.140113	0.000659
17.000000	-190945.842541	-0.018233
17.000000	-213316.140113	-0.001295
17.000000	-190945.842541	-0.001295
17.000000	-190945.842541	-0.015953
17.000000	-190945.842541	-0.000970
17.000000	-205617.222185	-0.019536
17.000000	-183960.197749	-0.000318
17.000000	-198162.678824	-0.016931
17.000000	-177199.377994	-0.004227
17.000000	-183960.197749	-0.010742
17.000000	-198162.678824	-0.011067
17.000000	-213316.140113	-0.001621
17.000000	-198162.678824	-0.018233
17.000000	-213316.140113	-0.001621
17.000000	-198162.678824	-0.017582
17.000000	-198162.678824	-0.000318
17.000000	-183960.197749	-0.015953
17.000000	-198162.678824	-0.003901
17.000000	-190945.842541	-0.010090
17.000000	-177199.377994	-0.011719
17.000000	-205617.222185	-0.003250
17.000000	-177199.377994	-0.017582
17.000000	-183960.197749	0.000008
17.000000	-177199.377994	-0.017908
17.000000	-205617.222185	-0.002924
17.000000	-221266.254812	-0.001947
17.000000	-170657.163215	-0.018233
17.000000	-198162.678824	-0.009439
17.000000	-213316.140113	-0.020839
17.000000	-190945.842541	-0.000970
17.000000	-221266.254812	-0.019211
17.000000	-190945.842541	-0.002924
17.000000	-190945.842541	-0.013999
17.000000	-198162.678824	-0.008461
17.000000	-190945.842541	-0.007484
17.000000	-198162.678824	-0.015302
17.000000	-170657.163215	-0.000318
17.000000	-198162.678824	-0.016931
17.000000	-213316.140113	-0.004553
17.000000	-190945.842541	-0.010416
17.000000	-183960.197749	-0.011393
17.000000	-198162.678824	-0.003575
17.000000	-183960.197749	-0.016931
17.000000	-190945.842541	0.000985
17.000000	-198162.678824	-0.018233
17.000000	-190945.842541	-0.001295
17.000000	-183960.197749	-0.014325
17.000000	-213316.140113	-0.006507
17.000000	-190945.842541	-0.007159
17.000000	-190945.842541	-0.015628
17.000000	-190945.842541	-0.002598
17.000000	-146554.926497	-0.016931
17.000000	-177199.377994	0.001636
17.000000	-170657.163215	-0.017582
17.000000	-190945.842541	-0.002924
17.000000	-198162.678824	-0.012045
17.000000	-190945.842541	-0.009764
17.000000	-170657.163215	-0.004227
17.000000	-183960.197749	-0.016605
17.000000	-190945.842541	0.001636
17.000000	-190945.842541	-0.018559
17.000000	-183960.197749	0.000659
17.000000	-183960.197749	-0.018559
17.000000	-205617.222185	0.000985
17.000000	-170657.163215	-0.015302
17.000000	-183960.197749	-0.004878
17.000000	-183960.197749	-0.008787
17.000000	-205617.222185	-0.012696
17.000000	-152282.087688	-0.001947
17.000000	-190945.842541	-0.017256
17.000000	-177199.377994	0.000659
17.000000	-170657.163215	-0.018233
17.000000	-198162.678824	-0.002924
17.000000	-213316.140113	-0.008461
17.000000	-177199.377994	-0.008136
17.000000	-190945.842541	-0.006181
17.000000	-177199.377994	-0.014976
17.000000	-190945.842541	-0.000970
17.000000	-190945.842541	-0.018885
17.000000	-177199.377994	0.000008
17.000000	-183960.197749	-0.016931
17.000000	-177199.377994	-0.003575
17.000000	-177199.377994	-0.010090
17.000000	-183960.197749	-0.010742
17.000000	-164327.477052	-0.002598
17.000000	-170657.163215	-0.013347
17.000000	-170657.163215	-0.005856
17.000000	-177199.377994	-0.014650
17.000000	-198162.678824	-0.000318
17.000000	-177199.377994	-0.018233
17.000000	-198162.678824	0.000333
17.000000	-152282.087688	-0.015953
17.000000	-177199.377994	-0.003575
17.000000	-177199.377994	-0.010416
17.000000	-177199.377994	-0.010742
17.000000	-177199.377994	-0.002598
17.000000	-164327.477052	-0.017908
17.000000	-152282.087688	-0.000644
17.000000	-183960.197749	-0.014976
17.000000	-170657.163215	-0.003901
17.000000	-177199.377994	-0.007159
17.000000	-170657.163215	-0.014976
17.000000	-164327.477052	-0.000644
17.000000	-177199.377994	-0.018559
17.000000	-164327.477052	0.001311
17.000000	-177199.377994	-0.017256
17.000000	-170657.163215	-0.002598
17.000000	-164327.477052	-0.009439
17.000000	-221266.254812	-0.012045
17.000000	-177199.377994	-0.006181
17.000000	-190945.842541	-0.013999
17.000000	-164327.477052	-0.001621
17.000000	-164327.477052	-0.017256
17.000000	-177199.377994	0.001636
17.000000	-183960.197749	-0.016931
17.000000	-198162.678824	-0.000644
17.000000	-146554.926497	-0.013022
17.000000	-177199.377994	-0.007484
17.000000	-152282.087688	-0.006181
17.000000	-164327.477052	-0.015953
17.000000	-170657.163215	0.000659
17.000000	-177199.377994	-0.017582
17.000000	-158204.384179	0.001311
17.000000	-164327.477052	-0.017582
17.000000	-177199.377994	-0.001295
17.000000	-170657.163215	-0.012696
17.000000	-183960.197749	-0.007159
17.000000	-164327.477052	-0.005204
17.000000	-152282.087688	-0.015302
17.000000	-158204.384179	0.000008
17.000000	-146554.926497	-0.018559
17.000000	-177199.377994	0.000333
17.000000	-158204.384179	-0.014325
17.000000	-183960.197749	-0.004878
17.000000	-170657.163215	-0.009113
17.000000	-170657.163215	-0.010742
17.000000	-152282.087688	-0.003250
17.000000	-177199.377994	-0.016931
17.000000	-164327.477052	0.001962
17.000000	-170657.163215	-0.017256
17.000000	-170657.163215	-0.002924
17.000000	-164327.477052	-0.012370
17.000000	-146554.926497	-0.009113
17.000000	-164327.477052	-0.004553
17.000000	-170657.163215	-0.017908
17.000000	-152282.087688	-0.000318
17.000000	-164327.477052	-0.016605
17.000000	-164327.477052	-0.003575
17.000000	-170657.163215	-0.011393
17.000000	-164327.477052	-0.009439
17.000000	-164327.477052	-0.004227
17.000000	-158204.384179	-0.016605
17.000000	-152282.087688	0.000659
17.000000	-170657.163215	-0.018559
17.000000	-158204.384179	-0.001621
17.000000	-152282.087688	-0.011719
17.000000	-170657.163215	-0.009764
17.000000	-183960.197749	-0.002273
17.000000	-158204.384179	-0.016279
17.000000	-177199.377994	0.000659
17.000000	-135664.029565	-0.018559
17.000000	-158204.384179	-0.002273
17.000000	-190945.842541	-0.011719
17.000000	-170657.163215	-0.009764
17.000000	-146554.926497	-0.004878
17.000000	-183960.197749	-0.015628
17.000000	-170657.163215	-0.000970
17.000000	-141017.372803	-0.017582
17.000000	-170657.163215	-0.007810
17.000000	-164327.477052	-0.010416
17.000000	-158204.384179	-0.011393
17.000000	-164327.477052	-0.001295
17.000000	-152282.087688	-0.016279
17.000000	-130489.628030	0.001311
17.000000	-158204.384179	-0.017256
17.000000	-177199.377994	-0.001947
17.000000	-158204.384179	-0.012696
17.000000	-158204.384179	-0.010742
17.000000	-164327.477052	-0.002273
17.000000	-170657.163215	-0.014650
17.000000	-177199.377994	-0.001947
17.000000	-152282.087688	-0.016279
17.000000	-170657.163215	-0.004553
17.000000	-141017.372803	-0.008136
17.000000	-158204.384179	-0.010416
17.000000	-158204.384179	-0.001621
17.000000	-164327.477052	-0.016931
17.000000	-130489.628030	0.000659
17.000000	-141017.372803	-0.016605
17.000000	-164327.477052	-0.001947
17.000000	-141017.372803	-0.013022
17.000000	-146554.926497	-0.011393
17.000000	-164327.477052	-0.004878
17.000000	-170657.163215	-0.008787
17.000000	-190945.842541	-0.008787
17.000000	-146554.926497	-0.011067
17.000000	-164327.477052	-0.001621
17.000000	-152282.087688	-0.016605
17.000000	-177199.377994	0.001311
17.000000	-152282.087688	-0.016605
17.000000	-164327.477052	-0.001295
17.000000	-170657.163215	-0.013347
17.000000	-141017.372803	-0.009764
17.000000	-146554.926497	-0.000970
17.000000	-158204.384179	-0.016931
17.000000	-141017.372803	-0.000318
17.000000	-164327.477052	-0.017582
17.000000	-152282.087688	-0.002598
17.000000	-177199.377994	-0.012370
17.000000	-170657.163215	-0.007810
17.000000	-146554.926497	-0.005530
17.000000	-170657.163215	-0.013999
17.000000	-164327.477052	-0.000970
17.000000	-135664.029565	-0.016931
17.000000	-141017.372803	0.006197
17.000000	-158204.384179	0.001636
17.000000	-164327.477052	-0.016605
17.000000	-164327.477052	0.000333
17.000000	-158204.384179	-0.015628
17.000000	-170657.163215	-0.003250
17.000000	-158204.384179	-0.011067
17.000000	-146554.926497	-0.009113
17.000000	-135664.029565	-0.003901
17.000000	-164327.477052	-0.015953
17.000000	-164327.477052	-0.000318
17.000000	-135664.029565	-0.017582
17.000000	-164327.477052	-0.005204
17.000000	-146554.926497	-0.002924
17.000000	-158204.384179	-0.012696
17.000000	-146554.926497	-0.002598
17.000000	-146554.926497	-0.017256
17.000000	-170657.163215	0.000333
17.000000	-158204.384179	-0.017582
17.000000	-152282.087688	-0.001947
17.000000	-146554.926497	-0.012370
17.000000	-158204.384179	-0.009113
17.000000	-152282.087688	0.002288
17.000000	-152282.087688	-0.012370
17.000000	-146554.926497	0.001962
17.000000	-146554.926497	-0.015953
17.000000	-164327.477052	0.000659
17.000000	-164327.477052	-0.014976
17.000000	-164327.477052	-0.004553
17.000000	-141017.372803	-0.009113
17.000000	-152282.087688	-0.011067
17.000000	-152282.087688	-0.003575
17.000000	-158204.384179	-0.016605
17.000000	-130489.628030	0.000333
17.000000	-152282.087688	-0.016931
17.000000	-146554.926497	-0.000970
17.000000	-152282.087688	-0.013022
17.000000	-164327.477052	-0.013022
17.000000	-177199.377994	-0.003250
17.000000	-190945.842541	-0.013673
17.000000	-146554.926497	0.000659
17.000000	-158204.384179	-0.017256
17.000000	-170657.163215	0.000333
17.000000	-152282.087688	-0.013673
17.000000	-146554.926497	-0.004553
17.000000	-177199.377994	-0.008461
17.000000	-164327.477052	-0.011393
17.000000	-152282.087688	-0.002273
17.000000	-164327.477052	-0.017582
17.000000	-152282.087688	-0.000970
17.000000	-158204.384179	-0.016931
17.000000	-158204.384179	-0.001295
17.000000	-152282.087688	-0.011719
17.000000	-152282.087688	-0.007484
17.000000	-164327.477052	-0.006181
17.000000	-141017.372803	-0.013999
17.000000	-141017.372803	-0.000644
17.000000	-141017.372803	-0.017908
17.000000	-152282.087688	0.001311
17.000000	-130489.628030	-0.015953
17.000000	-152282.087688	-0.003575
17.000000	-141017.372803	-0.008136
17.000000	-141017.372803	-0.007810
17.000000	-177199.377994	-0.011067
17.000000	-152282.087688	-0.009764
17.000000	-152282.087688	-0.003901
17.000000	-164327.477052	-0.016279
17.000000	-158204.384179	-0.000644
17.000000	-141017.372803	-0.013347
17.000000	-146554.926497	-0.005856
17.000000	-146554.926497	-0.007810
17.000000	-170657.163215	-0.014325
17.000000	-152282.087688	-0.003575
17.000000	-177199.377994	-0.015302
17.000000	-152282.087688	-0.004553
17.000000	-146554.926497	-0.008787
17.000000	-141017.372803	-0.011067
17.000000	-125489.025284	-0.002924
17.000000	-152282.087688	-0.016605
17.000000	-183960.197749	0.000985
17.000000	-152282.087688	-0.017582
17.000000	-146554.926497	-0.001947
17.000000	-164327.477052	-0.013347
17.000000	-152282.087688	-0.009113
17.000000	-141017.372803	0.000985
17.000000	-135664.029565	-0.017582
17.000000	-158204.384179	-0.000970
17.000000	-177199.377994	-0.012370
17.000000	-146554.926497	0.004894
17.000000	-183960.197749	-0.014325
17.000000	-183960.197749	-0.000644
17.000000	-152282.087688	-0.010416
17.000000	-152282.087688	-0.010090
17.000000	-170657.163215	-0.002598
17.000000	-130489.628030	-0.016931
17.000000	-125489.025284	-0.003250
17.000000	-146554.926497	-0.010090
17.000000	-152282.087688	-0.008461
17.000000	-158204.384179	-0.003575
17.000000	-141017.372803	-0.014650
17.000000	-146554.926497	0.003265
17.000000	-177199.377994	-0.016931
17.000000	-146554.926497	0.001962
17.000000	-158204.384179	-0.013999
17.000000	-146554.926497	-0.003901
17.000000	-152282.087688	-0.008136
17.000000	-164327.477052	-0.011067
17.000000	-158204.384179	-0.000970
17.000000	-125489.025284	-0.017256
17.000000	-125489.025284	0.000659
17.000000	-130489.628030	-0.018233
17.000000	-146554.926497	-0.000970
17.000000	-152282.087688	-0.015953
17.000000	-158204.384179	-0.008136
17.000000	-130489.628030	-0.005856
17.000000	-158204.384179	-0.013999
17.000000	-135664.029565	0.000985
17.000000	-152282.087688	-0.018233
17.000000	-146554.926497	0.001636
17.000000	-177199.377994	-0.005204
17.000000	-146554.926497	-0.015302
17.000000	-158204.384179	-0.004227
17.000000	-141017.372803	-0.015628
17.000000	-125489.025284	0.000985
17.000000	-177199.377994	-0.018559
17.000000	-141017.372803	0.000985
17.000000	-130489.628030	-0.015953
17.000000	-141017.372803	-0.002924
17.000000	-146554.926497	-0.008787
17.000000	-158204.384179	-0.010742
17.000000	-146554.926497	-0.000970
17.000000	-164327.477052	-0.001947
17.000000	-141017.372803	-0.017256
17.000000	-152282.087688	-0.002924
17.000000	-152282.087688	-0.014325
17.000000	-146554.926497	0.003265
17.000000	-135664.029565	-0.018559
17.000000	-141017.372803	0.001962
17.000000	-152282.087688	-0.015628
17.000000	-158204.384179	-0.004227
17.000000	-146554.926497	-0.008136
17.000000	-120657.201847	-0.012045
17.000000	-135664.029565	-0.001295
17.000000	-146554.926497	-0.017582
17.000000	-146554.926497	0.003265
17.000000	-190945.842541	-0.017256
17.000000	-170657.163215	0.002939
17.000000	-146554.926497	-0.017582
17.000000	-141017.372803	0.000333
17.000000	-130489.628030	-0.013673
17.000000	-164327.477052	-0.006833
17.000000	-152282.087688	-0.005530
17.000000	-130489.628030	-0.014325
17.000000	-152282.087688	0.001636
17.000000	-130489.628030	-0.018559
17.000000	-146554.926497	-0.002598
17.000000	-164327.477052	-0.014976
17.000000	-141017.372803	-0.000318
17.000000	-158204.384179	-0.013347
17.000000	-135664.029565	-0.007159
17.000000	-146554.926497	-0.004553
17.000000	-164327.477052	-0.013999
17.000000	-164327.477052	0.002288
17.000000	-158204.384179	-0.017908
17.000000	-152282.087688	0.001962
17.000000	-146554.926497	-0.015628
17.000000	-146554.926497	-0.005204
17.000000	-146554.926497	-0.005530
17.000000	-141017.372803	-0.007484
17.000000	-164327.477052	-0.008787
17.000000	-135664.029565	-0.010416
17.000000	-146554.926497	-0.001295
17.000000	-146554.926497	-0.016931
17.000000	-146554.926497	0.002939
17.000000	-125489.025284	-0.018233
17.000000	-141017.372803	0.001311
17.000000	-146554.926497	-0.012696
17.000000	-141017.372803	-0.006181
17.000000	-125489.025284	-0.005530
17.000000	-170657.163215	-0.016279
17.000000	-158204.384179	0.000985
17.000000	-158204.384179	-0.015953
17.000000	-170657.163215	0.001962
17.000000	-158204.384179	-0.017908
17.000000	-177199.377994	0.001311
17.000000	-158204.384179	-0.014976
17.000000	-152282.087688	-0.003901
17.000000	-158204.384179	-0.007159
17.000000	-146554.926497	-0.011067
17.000000	-141017.372803	0.000333
17.000000	-141017.372803	-0.017256
17.000000	-130489.628030	0.001962
17.000000	-152282.087688	-0.017256
17.000000	-146554.926497	0.000008
17.000000	-158204.384179	-0.011393
17.000000	-141017.372803	-0.007484
17.000000	-146554.926497	-0.002598
17.000000	-146554.926497	-0.014976
17.000000	-115989.259298	0.002288
17.000000	-141017.372803	-0.018233
17.000000	-146554.926497	0.001962
17.000000	-135664.029565	-0.015302
17.000000	-146554.926497	-0.003575
17.000000	-146554.926497	-0.009113
17.000000	-130489.628030	-0.003901
17.000000	-141017.372803	-0.013673
17.000000	-141017.372803	-0.005856
17.000000	-146554.926497	-0.005530
17.000000	-141017.372803	-0.013347
17.000000	-146554.926497	0.000985
17.000000	-130489.628030	-0.018233
17.000000	-135664.029565	0.001962
17.000000	-146554.926497	-0.016605
17.000000	-135664.029565	-0.001621
17.000000	-125489.025284	0.000659
17.000000	-135664.029565	-0.018559
17.000000	-141017.372803	0.000985
17.000000	-130489.628030	-0.019536
17.000000	-146554.926497	0.000008
17.000000	-135664.029565	-0.013999
17.000000	-146554.926497	-0.006181
17.000000	-141017.372803	-0.006181
17.000000	-146554.926497	-0.013347
17.000000	-152282.087688	0.000985
17.000000	-170657.163215	-0.017256
17.000000	-158204.384179	-0.003250
17.000000	-152282.087688	-0.005856
17.000000	-135664.029565	-0.013673
17.000000	-130489.628030	-0.005204
17.000000	-141017.372803	-0.015628
17.000000	-125489.025284	0.000985
17.000000	-135664.029565	-0.018885
17.000000	-141017.372803	0.001962
17.000000	-152282.087688	-0.015302
17.000000	-158204.384179	-0.003575
17.000000	-146554.926497	-0.009439
17.000000	-141017.372803	-0.012045
17.000000	-152282.087688	-0.000970
17.000000	-146554.926497	-0.013999
17.000000	-141017.372803	-0.000318
17.000000	-135664.029565	-0.015953
17.000000	-158204.384179	-0.001947
17.000000	-141017.372803	-0.009439
17.000000	-152282.087688	-0.009764
17.000000	-146554.926497	0.001636
17.000000	-146554.926497	-0.015953
17.000000	-135664.029565	0.003916
17.000000	-152282.087688	-0.017582
17.000000	-158204.384179	0.001311
17.000000	-141017.372803	-0.013022
17.000000	-141017.372803	-0.005856
17.000000	-135664.029565	-0.007810
17.000000	-135664.029565	-0.006833
17.000000	-158204.384179	-0.005856
17.000000	-130489.628030	-0.013673
17.000000	-141017.372803	0.001311
17.000000	-141017.372803	-0.017256
17.000000	-135664.029565	0.002288
17.000000	-120657.201847	-0.015953
17.000000	-152282.087688	-0.005204
17.000000	-141017.372803	-0.006507
17.000000	-125489.025284	-0.015302
17.000000	-135664.029565	0.001962
17.000000	-146554.926497	-0.017908
17.000000	-125489.025284	0.002288
17.000000	-152282.087688	-0.018233
17.000000	-135664.029565	0.002613
17.000000	-158204.384179	-0.015953
17.000000	-146554.926497	-0.006507
17.000000	-141017.372803	-0.004878
17.000000	-152282.087688	-0.013999
17.000000	-115989.259298	0.001636
17.000000	-135664.029565	-0.018559
17.000000	-130489.628030	0.002288
17.000000	-135664.029565	-0.014325
17.000000	-135664.029565	-0.000644
17.000000	-146554.926497	-0.016605
17.000000	-158204.384179	-0.002924
17.000000	-146554.926497	-0.009113
17.000000	-141017.372803	-0.009439
17.000000	-135664.029565	-0.001295
17.000000	-141017.372803	-0.016931
17.000000	-141017.372803	0.003591
17.000000	-158204.384179	-0.017582
17.000000	-146554.926497	0.000659
17.000000	-141017.372803	-0.012696
17.000000	-152282.087688	-0.009439
17.000000	-130489.628030	-0.008136
17.000000	-125489.025284	-0.013022
17.000000	-152282.087688	0.000659
17.000000	-141017.372803	-0.016931
17.000000	-146554.926497	0.003265
17.000000	-146554.926497	-0.016605
17.000000	-130489.628030	-0.000318
17.000000	-158204.384179	-0.010742
17.000000	-158204.384179	-0.008136
17.000000	-130489.628030	-0.002924
17.000000	-152282.087688	-0.015953
17.000000	-125489.025284	0.000333
17.000000	-146554.926497	-0.013999
17.000000	-141017.372803	-0.000644
17.000000	-130489.628030	-0.017256
17.000000	-170657.163215	0.003591
17.000000	-141017.372803	-0.009764
17.000000	-152282.087688	0.003591
17.000000	-130489.628030	-0.010742
17.000000	-135664.029565	-0.005530
17.000000	-125489.025284	-0.004227
17.000000	-152282.087688	-0.014325
17.000000	-135664.029565	-0.000970
17.000000	-146554.926497	-0.013999
17.000000	-146554.926497	0.000333
17.000000	-115989.259298	-0.012696
17.000000	-146554.926497	-0.006833
17.000000	-135664.029565	-0.002924
17.000000	-120657.201847	-0.013673
17.000000	-135664.029565	0.001311
17.000000	-115989.259298	-0.019211
17.000000	-158204.384179	0.002939
17.000000	-152282.087688	-0.015953
17.000000	-120657.201847	-0.003250
17.000000	-125489.025284	-0.001947
17.000000	-135664.029565	-0.018233
17.000000	-146554.926497	0.000659
17.000000	-135664.029565	-0.018885
17.000000	-141017.372803	0.002613
17.000000	-170657.163215	-0.016279
17.000000	-141017.372803	-0.002273
17.000000	-125489.025284	-0.009113
17.000000	-170657.163215	-0.010090
17.000000	-130489.628030	-0.000970
17.000000	-141017.372803	-0.015953
17.000000	-120657.201847	0.003265
17.000000	-146554.926497	-0.014976
17.000000	-130489.628030	-0.000318
17.000000	-135664.029565	-0.016605
17.000000	-135664.029565	-0.001947
17.000000	-135664.029565	-0.010090
17.000000	-125489.025284	-0.009439
17.000000	-146554.926497	-0.001947
17.000000	-141017.372803	-0.017256
17.000000	-130489.628030	0.002613
17.000000	-135664.029565	-0.018885
17.000000	-130489.628030	0.000333
17.000000	-135664.029565	-0.011067
17.000000	-135664.029565	-0.011719
17.000000	-130489.628030	-0.004878
17.000000	-152282.087688	-0.009764
17.000000	-146554.926497	-0.002924
17.000000	-125489.025284	-0.016931
17.000000	-130489.628030	0.002288
17.000000	-146554.926497	-0.017908
17.000000	-130489.628030	0.001311
17.000000	-135664.029565	-0.014325
17.000000	-135664.029565	-0.008787
17.000000	-158204.384179	-0.002598
17.000000	-125489.025284	-0.017256
17.000000	-158204.384179	0.003265
17.000000	-135664.029565	-0.017908
17.000000	-141017.372803	0.000659
17.000000	-141017.372803	-0.017908
17.000000	-130489.628030	0.002613
17.000000	-125489.025284	-0.015628
17.000000	-130489.628030	-0.002598
17.000000	-125489.025284	-0.008787
17.000000	-141017.372803	-0.010742
17.000000	-135664.029565	0.000008
17.000000	-130489.628030	-0.017582
17.000000	-135664.029565	0.002939
17.000000	-130489.628030	-0.014325
17.000000	-130489.628030	-0.000970
17.000000	-130489.628030	-0.016605
17.000000	-152282.087688	-0.002273
17.000000	-135664.029565	-0.009764
17.000000	-125489.025284	-0.010416
17.000000	-146554.926497	-0.001621
17.000000	-125489.025284	-0.016605
17.000000	-130489.628030	0.001962
17.000000	-135664.029565	-0.018559
17.000000	-141017.372803	-0.001947
17.000000	-146554.926497	0.000333
17.000000	-125489.025284	-0.017908
17.000000	-120657.201847	0.000333
17.000000	-146554.926497	-0.016931
17.000000	-130489.628030	-0.004878
17.000000	-120657.201847	-0.007810
17.000000	-135664.029565	-0.013022
17.000000	-111480.417937	0.000008
17.000000	-152282.087688	-0.019211
17.000000	-115989.259298	0.002288
17.000000	-141017.372803	-0.016931
17.000000	-135664.029565	-0.001295
17.000000	-135664.029565	-0.011393
17.000000	-115989.259298	-0.017908
17.000000	-135664.029565	0.003591
17.000000	-158204.384179	-0.018233
17.000000	-146554.926497	0.001636
17.000000	-146554.926497	-0.013022
17.000000	-164327.477052	-0.006181
17.000000	-146554.926497	-0.005204
17.000000	-130489.628030	-0.014325
17.000000	-146554.926497	0.002288
17.000000	-120657.201847	-0.018559
17.000000	-130489.628030	0.000659
17.000000	-130489.628030	-0.004227
17.000000	-152282.087688	-0.017256
17.000000	-146554.926497	0.001311
17.000000	-146554.926497	-0.019862
17.000000	-141017.372803	0.000659
17.000000	-146554.926497	-0.014325
17.000000	-158204.384179	-0.005856
17.000000	-146554.926497	-0.006181
17.000000	-158204.384179	-0.013347
17.000000	-141017.372803	0.001311
17.000000	-146554.926497	-0.018233
17.000000	-125489.025284	0.001311
17.000000	-141017.372803	-0.009764
17.000000	-135664.029565	-0.005856
17.000000	-120657.201847	-0.006507
17.000000	-141017.372803	-0.013673
17.000000	-125489.025284	0.000333
17.000000	-146554.926497	-0.019862
17.000000	-141017.372803	0.002288
17.000000	-141017.372803	-0.017256
17.000000	-120657.201847	-0.002924
17.000000	-130489.628030	-0.010416
17.000000	-141017.372803	-0.010742
17.000000	-141017.372803	0.000985
17.000000	-152282.087688	-0.016931
17.000000	-135664.029565	0.000985
17.000000	-152282.087688	-0.018559
17.000000	-146554.926497	-0.000318
17.000000	-125489.025284	-0.013022
17.000000	-120657.201847	-0.007484
17.000000	-146554.926497	-0.003901
17.000000	-141017.372803	-0.015302
17.000000	-135664.029565	0.002288
17.000000	-141017.372803	-0.018559
17.000000	-146554.926497	0.002288
17.000000	-130489.628030	-0.013022
17.000000	-125489.025284	-0.010090
17.000000	-141017.372803	-0.006181
17.000000	-141017.372803	-0.011719
17.000000	-125489.025284	0.001962
17.000000	-135664.029565	-0.017582
17.000000	-130489.628030	0.002613
17.000000	-125489.025284	-0.017582
17.000000	-141017.372803	-0.003901
17.000000	-146554.926497	-0.004553
17.000000	-141017.372803	-0.014650
17.000000	-130489.628030	0.001962
17.000000	-152282.087688	-0.017582
17.000000	-135664.029565	0.002613
17.000000	-130489.628030	-0.016931
17.000000	-135664.029565	-0.001295
17.000000	-130489.628030	-0.011393
17.000000	-135664.029565	-0.009764
17.000000	-130489.628030	-0.000318
17.000000	-120657.201847	-0.018559
17.000000	-120657.201847	0.002288
17.000000	-135664.029565	-0.017256
17.000000	-135664.029565	0.000333
17.000000	-158204.384179	-0.010416
17.000000	-130489.628030	-0.011067
17.000000	-164327.477052	0.001636
17.000000	-146554.926497	-0.016605
17.000000	-141017.372803	0.000008
17.000000	-130489.628030	-0.017582
17.000000	-125489.025284	0.003265
17.000000	-146554.926497	-0.017256
17.000000	-158204.384179	-0.000644
17.000000	-120657.201847	-0.010416
17.000000	-135664.029565	-0.008461
17.000000	-141017.372803	-0.002273
17.000000	-130489.628030	-0.016605
17.000000	-141017.372803	0.002288
17.000000	-146554.926497	-0.018559
17.000000	-141017.372803	0.001636
17.000000	-141017.372803	-0.013999
17.000000	-125489.025284	-0.006181
17.000000	-146554.926497	-0.005530
17.000000	-146554.926497	-0.014325
17.000000	-115989.259298	0.001311
17.000000	-135664.029565	-0.017908
17.000000	-152282.087688	0.002613
17.000000	-152282.087688	-0.015953
17.000000	-135664.029565	-0.001947
17.000000	-115989.259298	-0.008136
17.000000	-130489.628030	-0.015302
17.000000	-130489.628030	0.000008
17.000000	-130489.628030	-0.013673
17.000000	-120657.201847	0.001636
17.000000	-130489.628030	-0.017256
17.000000	-130489.628030	0.002613
17.000000	-141017.372803	-0.013673
17.000000	-164327.477052	-0.003250
17.000000	-146554.926497	-0.004878
17.000000	-130489.628030	-0.012696
17.000000	-130489.628030	0.000985
17.000000	-141017.372803	-0.017582
17.000000	-120657.201847	0.004242
17.000000	-125489.025284	-0.018233
17.000000	-120657.201847	0.003265
17.000000	-141017.372803	-0.015953
17.000000	-135664.029565	-0.002598
17.000000	-115989.259298	-0.008787
17.000000	-135664.029565	-0.010742
17.000000	-135664.029565	-0.001295
17.000000	-135664.029565	-0.016931
17.000000	-135664.029565	0.002288
17.000000	-125489.025284	-0.017582
17.000000	-146554.926497	-0.004227
17.000000	-141017.372803	-0.011067
17.000000	-135664.029565	-0.001621
17.000000	-130489.628030	-0.009439
17.000000	-135664.029565	-0.010416
17.000000	-146554.926497	-0.000970
17.000000	-146554.926497	-0.017256
17.000000	-141017.372803	0.002288
17.000000	-141017.372803	-0.015953
17.000000	-125489.025284	-0.001947
17.000000	-125489.025284	-0.009113
17.000000	-146554.926497	-0.011719
17.000000	-125489.025284	0.002613
17.000000	-152282.087688	-0.018885
17.000000	-146554.926497	0.001962
17.000000	-130489.628030	-0.017582
17.000000	-135664.029565	-0.001621
17.000000	-135664.029565	-0.010090
17.000000	-141017.372803	-0.010416
17.000000	-152282.087688	-0.001295
17.000000	-146554.926497	-0.016605
17.000000	-141017.372803	0.002613
17.000000	-130489.628030	-0.015302
17.000000	-146554.926497	-0.006833
17.000000	-141017.372803	-0.001621
17.000000	-125489.025284	-0.013347
17.000000	-141017.372803	-0.003901
17.000000	-135664.029565	-0.015302
17.000000	-130489.628030	0.001311
17.000000	-141017.372803	-0.017908
17.000000	-146554.926497	0.000008
17.000000	-125489.025284	-0.016605
17.000000	-158204.384179	-0.004227
17.000000	-120657.201847	-0.007810
17.000000	-135664.029565	-0.013673
17.000000	-130489.628030	0.002613
17.000000	-130489.628030	-0.018885
17.000000	-141017.372803	0.001636
17.000000	-111480.417937	-0.019211
17.000000	-141017.372803	0.001962
17.000000	-146554.926497	-0.014976
17.000000	-146554.926497	-0.002924
17.000000	-125489.025284	-0.008136
17.000000	-135664.029565	-0.009439
17.000000	-146554.926497	0.001311
17.000000	-141017.372803	-0.016931
17.000000	-152282.087688	0.003591
17.000000	-152282.087688	-0.017582
17.000000	-125489.025284	0.000659
17.000000	-135664.029565	-0.017908
17.000000	-146554.926497	0.000008
17.000000	-111480.417937	-0.010742
17.000000	-146554.926497	-0.008461
17.000000	-120657.201847	-0.002598
17.000000	-115989.259298	-0.015953
17.000000	-146554.926497	0.002613
17.000000	-152282.087688	-0.017908
17.000000	-146554.926497	0.000659
17.000000	-135664.029565	-0.011067
17.000000	-135664.029565	-0.017256
17.000000	-158204.384179	0.002288
17.000000	-141017.372803	-0.015953
17.000000	-177199.377994	0.002613
17.000000	-135664.029565	-0.018233
17.000000	-158204.384179	0.001311
17.000000	-146554.926497	-0.013347
17.000000	-130489.628030	-0.006181
17.000000	-141017.372803	-0.005530
17.000000	-135664.029565	-0.014325
17.000000	-120657.201847	0.000659
17.000000	-130489.628030	-0.018559
17.000000	-158204.384179	-0.000644
17.000000	-125489.025284	-0.012696
17.000000	-141017.372803	-0.000970
17.000000	-135664.029565	-0.016279
17.000000	-146554.926497	-0.002598
17.000000	-135664.029565	-0.008136
17.000000	-146554.926497	-0.011393
17.000000	-130489.628030	0.000008
17.000000	-146554.926497	-0.016605
17.000000	-130489.628030	0.002939
17.000000	-152282.087688	-0.017582
17.000000	-130489.628030	0.000333
17.000000	-130489.628030	-0.006181
17.000000	-152282.087688	-0.008787
17.000000	-130489.628030	-0.008136
17.000000	-141017.372803	-0.011719
17.000000	-125489.025284	-0.001295
17.000000	-146554.926497	-0.017256
17.000000	-141017.372803	0.003265
17.000000	-146554.926497	-0.017582
17.000000	-135664.029565	0.000008
17.000000	-146554.926497	-0.011067
17.000000	-130489.628030	-0.011067
17.000000	-130489.628030	0.001311
17.000000	-135664.029565	-0.018233
17.000000	-115989.259298	0.003916
17.000000	-107126.014477	-0.017582
17.000000	-130489.628030	0.002939
17.000000	-152282.087688	-0.017256
17.000000	-141017.372803	0.000008
17.000000	-135664.029565	-0.011719
17.000000	-141017.372803	-0.008136
17.000000	-115989.259298	-0.003250
17.000000	-146554.926497	-0.015953
17.000000	-115989.259298	0.002613
17.000000	-130489.628030	-0.017582
17.000000	-141017.372803	-0.009764
17.000000	-120657.201847	-0.001947
17.000000	-135664.029565	-0.010416
17.000000	-130489.628030	-0.000318
17.000000	-120657.201847	-0.017256
17.000000	-125489.025284	0.002613
17.000000	-141017.372803	-0.017582
17.000000	-141017.372803	-0.000318
17.000000	-135664.029565	-0.011393
17.000000	-135664.029565	-0.008136
17.000000	-125489.025284	-0.003575
17.000000	-141017.372803	-0.015628
17.000000	-130489.628030	-0.002273
17.000000	-130489.628030	-0.009764
17.000000	-135664.029565	-0.002924
17.000000	-146554.926497	-0.009439
17.000000	-146554.926497	-0.013022
17.000000	-135664.029565	0.000659
17.000000	-141017.372803	-0.018559
17.000000	-135664.029565	0.001636
17.000000	-130489.628030	-0.016931
17.000000	-141017.372803	-0.002924
17.000000	-130489.628030	-0.007810
17.000000	-111480.417937	-0.014976
17.000000	-125489.025284	0.001962
17.000000	-125489.025284	-0.015953
17.000000	-125489.025284	0.000008
17.000000	-135664.029565	-0.016605
17.000000	-141017.372803	0.003265
17.000000	-146554.926497	-0.018233
17.000000	-146554.926497	0.000008
17.000000	-135664.029565	-0.012045
17.000000	-141017.372803	-0.008136
17.000000	-111480.417937	-0.003250
17.000000	-141017.372803	-0.015953
17.000000	-141017.372803	0.000333
17.000000	-130489.628030	-0.017908
17.000000	-146554.926497	0.000008
17.000000	-135664.029565	-0.015953
17.000000	-125489.025284	0.002939
17.000000	-164327.477052	-0.018233
17.000000	-107126.014477	-0.000318
17.000000	-135664.029565	-0.012045
17.000000	-130489.628030	-0.007159
17.000000	-135664.029565	-0.003250
17.000000	-125489.025284	-0.016605
17.000000	-135664.029565	0.002288
17.000000	-146554.926497	-0.012045
17.000000	-141017.372803	-0.002924
17.000000	-135664.029565	-0.014650
17.000000	-125489.025284	-0.001295
17.000000	-152282.087688	-0.012370
17.000000	-152282.087688	-0.008461
17.000000	-146554.926497	-0.003575
17.000000	-135664.029565	-0.015628
17.000000	-141017.372803	0.002288
17.000000	-120657.201847	-0.018559
17.000000	-130489.628030	0.001311
17.000000	-125489.025284	-0.015302
17.000000	-146554.926497	-0.005530
17.000000	-135664.029565	-0.003575
17.000000	-152282.087688	-0.012045
17.000000	-135664.029565	-0.006181
17.000000	-146554.926497	-0.014325
17.000000	-158204.384179	-0.000644
17.000000	-120657.201847	-0.017256
17.000000	-146554.926497	0.003265
17.000000	-130489.628030	-0.017582
17.000000	-146554.926497	-0.000644
17.000000	-130489.628030	-0.012370
17.000000	-115989.259298	-0.007484
17.000000	-141017.372803	0.000008
17.000000	-120657.201847	-0.016605
17.000000	-130489.628030	-0.000970
17.000000	-135664.029565	-0.015953
17.000000	-130489.628030	-0.000318
17.000000	-141017.372803	-0.019536
17.000000	-130489.628030	0.001962
17.000000	-135664.029565	-0.017582
17.000000	-141017.372803	-0.002273
17.000000	-125489.025284	-0.008787
17.000000	-152282.087688	-0.011067
17.000000	-146554.926497	-0.001295
17.000000	-120657.201847	-0.019211
17.000000	-120657.201847	0.002288
17.000000	-125489.025284	-0.018885
17.000000	-130489.628030	0.002613
17.000000	-107126.014477	-0.018559
17.000000	-158204.384179	0.000008
17.000000	-146554.926497	-0.012045
17.000000	-130489.628030	-0.007810
17.000000	-120657.201847	-0.002924
17.000000	-130489.628030	-0.014650
17.000000	-130489.628030	0.002613
17.000000	-125489.025284	-0.018233
17.000000	-130489.628030	-0.002273
17.000000	-146554.926497	-0.013999
17.000000	-146554.926497	0.000008
17.000000	-135664.029565	-0.012370
17.000000	-125489.025284	-0.007484
17.000000	-152282.087688	-0.004227
17.000000	-120657.201847	-0.015302
17.000000	-130489.628030	0.002288
17.000000	-146554.926497	-0.018559
17.000000	-125489.025284	0.000985
17.000000	-107126.014477	-0.014325
17.000000	-111480.417937	-0.007484
17.000000	-125489.025284	-0.002598
17.000000	-146554.926497	-0.018559
17.000000	-146554.926497	0.001962
17.000000	-135664.029565	-0.018559
17.000000	-146554.926497	0.000985
17.000000	-135664.029565	-0.012045
17.000000	-158204.384179	-0.007810
17.000000	-146554.926497	0.002939
17.000000	-141017.372803	-0.012696
17.000000	-130489.628030	0.003916
17.000000	-146554.926497	-0.016605
17.000000	-120657.201847	0.000659
17.000000	-146554.926497	-0.011719
17.000000	-125489.025284	-0.002273
17.000000	-141017.372803	-0.013347
17.000000	-125489.025284	-0.004227
17.000000	-130489.628030	-0.005856
17.000000	-135664.029565	-0.013673
17.000000	-146554.926497	0.000659
17.000000	-107126.014477	-0.018233
17.000000	-125489.025284	0.002613
17.000000	-120657.201847	-0.016931
17.000000	-141017.372803	-0.005204
17.000000	-141017.372803	-0.003575
17.000000	-120657.201847	-0.017256
17.000000	-111480.417937	0.003916
17.000000	-146554.926497	-0.017908
17.000000	-141017.372803	0.002939
17.000000	-125489.025284	-0.016605
17.000000	-164327.477052	0.002613
17.000000	-120657.201847	-0.018233
17.000000	-130489.628030	0.002288
17.000000	-141017.372803	-0.013999
17.000000	-158204.384179	-0.005204
17.000000	-152282.087688	-0.001621
17.000000	-125489.025284	-0.016931
17.000000	-141017.372803	0.000659
17.000000	-130489.628030	-0.017582
17.000000	-135664.029565	0.001311
17.000000	-115989.259298	-0.018233
17.000000	-146554.926497	0.002288
17.000000	-141017.372803	-0.016279
17.000000	-125489.025284	-0.000318
17.000000	-135664.029565	-0.011393
17.000000	-130489.628030	-0.005530
17.000000	-135664.029565	-0.002924
17.000000	-146554.926497	-0.015953
17.000000	-146554.926497	0.002288
17.000000	-135664.029565	-0.015953
17.000000	-135664.029565	0.000333
17.000000	-141017.372803	-0.017256
17.000000	-120657.201847	-0.008136
17.000000	-135664.029565	-0.002924
17.000000	-130489.628030	-0.015953
17.000000	-120657.201847	0.002613
17.000000	-130489.628030	-0.017582
17.000000	-130489.628030	0.001311
17.000000	-152282.087688	-0.010416
17.000000	-135664.029565	-0.009113
17.000000	-130489.628030	-0.002924
17.000000	-152282.087688	-0.017582
17.000000	-135664.029565	0.002939
17.000000	-141017.372803	-0.018233
17.000000	-146554.926497	0.003265
17.000000	-158204.384179	-0.017582
17.000000	-141017.372803	-0.004227
17.000000	-135664.029565	-0.012696
17.000000	-141017.372803	-0.013999
17.000000	-146554.926497	-0.000644
17.000000	-146554.926497	-0.018559
17.000000	-130489.628030	0.002288
17.000000	-146554.926497	-0.015628
17.000000	-130489.628030	-0.006507
17.000000	-125489.025284	-0.009764
17.000000	-141017.372803	-0.006507
17.000000	-115989.259298	-0.004878
17.000000	-135664.029565	-0.014325
17.000000	-130489.628030	0.002288
17.000000	-146554.926497	-0.018233
17.000000	-107126.014477	0.002288
17.000000	-146554.926497	-0.014976
17.000000	-125489.025284	-0.003901
17.000000	-141017.372803	-0.006833
17.000000	-115989.259298	-0.009764
17.000000	-130489.628030	-0.000318
17.000000	-146554.926497	-0.015953
17.000000	-146554.926497	0.000659
17.000000	-130489.628030	-0.018885
17.000000	-120657.201847	0.000659
17.000000	-107126.014477	-0.015628
17.000000	-141017.372803	-0.004553
17.000000	-177199.377994	-0.007159
17.000000	-120657.201847	-0.013347
17.000000	-120657.201847	0.000333
17.000000	-141017.372803	-0.018559
17.000000	-125489.025284	-0.001947
17.000000	-146554.926497	-0.010090
17.000000	-146554.926497	-0.005856
17.000000	-135664.029565	-0.007810
17.000000	-125489.025284	-0.014325
17.000000	-130489.628030	0.000333
17.000000	-158204.384179	-0.018559
17.000000	-141017.372803	0.002288
17.000000	-146554.926497	-0.016931
17.000000	-146554.926497	-0.002598
17.000000	-115989.259298	-0.010090
17.000000	-141017.372803	-0.013673
17.000000	-146554.926497	-0.000318
17.000000	-141017.372803	-0.014325
17.000000	-125489.025284	-0.000970
17.000000	-141017.372803	-0.012696
17.000000	-130489.628030	-0.014976
17.000000	-141017.372803	-0.005856
17.000000	-135664.029565	-0.017256
17.000000	-146554.926497	0.001311
17.000000	-125489.025284	-0.019536
17.000000	-141017.372803	0.000659
17.000000	-135664.029565	-0.013347
17.000000	-115989.259298	-0.006507
17.000000	-135664.029565	-0.000970
17.000000	-135664.029565	-0.014650
17.000000	-125489.025284	-0.000970
17.000000	-135664.029565	-0.018233
17.000000	-141017.372803	0.002613
17.000000	-146554.926497	-0.016931
17.000000	-146554.926497	-0.000644
17.000000	-130489.628030	-0.011393
17.000000	-125489.025284	-0.009439
17.000000	-125489.025284	-0.002273
17.000000	-130489.628030	-0.016605
17.000000	-125489.025284	0.002613
17.000000	-125489.025284	-0.017256
17.000000	-146554.926497	-0.001947
17.000000	-130489.628030	-0.006833
17.000000	-146554.926497	-0.011393
17.000000	-146554.926497	0.000333
17.000000	-130489.628030	-0.017256
17.000000	-125489.025284	0.002939
17.000000	-135664.029565	-0.017256
17.000000	-130489.628030	-0.001295
17.000000	-141017.372803	-0.010742
17.000000	-130489.628030	-0.010090
17.000000	-130489.628030	0.000008
17.000000	-141017.372803	-0.019862
17.000000	-146554.926497	0.002939
17.000000	-130489.628030	-0.017908
17.000000	-141017.372803	-0.001947
