17.000000	-1250.077692	0.016946
17.000000	-1567.444757	0.029649
17.000000	-1058.205599	0.005219
17.000000	-1659.457210	0.016946
17.000000	-1322.344139	0.005545
17.000000	-1118.233347	0.003265
17.000000	-1250.077692	0.011408
17.000000	-1567.444757	-0.005204
17.000000	-1399.157605	0.013363
17.000000	-1399.157605	-0.008136
17.000000	-1860.658775	0.008477
17.000000	-1659.457210	-0.001947
17.000000	-1659.457210	-0.000318
17.000000	-1567.444757	0.008151
17.000000	-1322.344139	-0.009113
17.000000	-1567.444757	0.013037
17.000000	-1480.770004	-0.008461
17.000000	-1058.205599	0.007825
17.000000	-1480.770004	-0.002924
17.000000	-1567.444757	-0.000970
17.000000	-1250.077692	0.003916
17.000000	-1182.117458	-0.008787
17.000000	-1659.457210	0.009454
17.000000	-1757.095057	-0.009439
17.000000	-1480.770004	0.003591
17.000000	-1567.444757	-0.000318
17.000000	-1480.770004	-0.012696
17.000000	-1567.444757	0.009128
17.000000	-1250.077692	-0.009764
17.000000	-1567.444757	0.004568
17.000000	-1757.095057	-0.002273
17.000000	-1480.770004	-0.002924
17.000000	-1757.095057	0.004894
17.000000	-1567.444757	-0.011393
17.000000	-2086.832343	0.008802
17.000000	-1322.344139	-0.012370
17.000000	-1480.770004	0.005545
17.000000	-1182.117458	0.000333
17.000000	-1322.344139	-0.011393
17.000000	-1399.157605	0.006197
17.000000	-1567.444757	-0.011393
17.000000	-1567.444757	0.008477
17.000000	-1399.157605	-0.009439
17.000000	-1480.770004	0.003265
17.000000	-1567.444757	-0.000644
17.000000	-1399.157605	-0.004878
17.000000	-1659.457210	0.005871
17.000000	-948.889607	-0.012045
17.000000	-1860.658775	0.007825
17.000000	-1567.444757	-0.008461
17.000000	-1399.157605	-0.002598
17.000000	-1322.344139	-0.002598
17.000000	-1118.233347	-0.004553
17.000000	-1250.077692	0.005219
17.000000	-1567.444757	-0.011067
17.000000	-1567.444757	0.008151
17.000000	-1567.444757	-0.013022
17.000000	-1567.444757	0.003591
17.000000	-1182.117458	-0.002598
17.000000	-1399.157605	-0.003901
17.000000	-1250.077692	0.004894
17.000000	-1659.457210	-0.011393
17.000000	-1480.770004	0.007825
17.000000	-1567.444757	-0.010416
17.000000	-1480.770004	0.001311
17.000000	-1480.770004	-0.000318
17.000000	-1480.770004	-0.007484
17.000000	-1322.344139	0.006848
17.000000	-1058.205599	-0.012696
17.000000	-1757.095057	0.007825
17.000000	-1480.770004	-0.011067
17.000000	-1567.444757	0.005219
17.000000	-1480.770004	-0.001621
17.000000	-1480.770004	-0.011393
17.000000	-1182.117458	0.007499
17.000000	-1567.444757	-0.013022
17.000000	-1322.344139	0.007174
17.000000	-1322.344139	-0.009439
17.000000	-1567.444757	0.001962
17.000000	-1250.077692	-0.002598
17.000000	-1757.095057	-0.006833
17.000000	-1399.157605	0.005219
17.000000	-1250.077692	-0.012370
17.000000	-1480.770004	0.008477
17.000000	-1480.770004	-0.008461
17.000000	-1182.117458	-0.000970
17.000000	-1322.344139	-0.002598
17.000000	-1659.457210	-0.003250
17.000000	-1860.658775	0.003265
17.000000	-1322.344139	-0.010742
17.000000	-1860.658775	0.008151
17.000000	-1250.077692	-0.012696
17.000000	-1659.457210	0.004894
17.000000	-1322.344139	-0.006507
17.000000	-1322.344139	-0.002598
17.000000	-1399.157605	0.001636
17.000000	-1567.444757	0.004568
17.000000	-1757.095057	-0.014325
17.000000	-1659.457210	0.005871
17.000000	-1480.770004	-0.009439
17.000000	-1970.462072	0.000659
17.000000	-1480.770004	-0.001621
17.000000	-1399.157605	-0.008136
17.000000	-1567.444757	0.007499
17.000000	-1659.457210	-0.013022
17.000000	-1058.205599	0.007825
17.000000	-1399.157605	-0.011719
17.000000	-1659.457210	0.003265
17.000000	-1322.344139	-0.001621
17.000000	-1322.344139	-0.010090
17.000000	-1182.117458	0.004242
17.000000	-1399.157605	-0.008461
17.000000	-1860.658775	0.005545
17.000000	-1182.117458	-0.014325
17.000000	-1001.824418	0.008151
17.000000	-1399.157605	-0.011719
17.000000	-1322.344139	0.003916
17.000000	-1250.077692	-0.004553
17.000000	-1250.077692	-0.010416
17.000000	-1322.344139	-0.001295
17.000000	-899.210214	-0.013022
17.000000	-1480.770004	0.000985
17.000000	-1399.157605	-0.007484
17.000000	-1860.658775	-0.006181
17.000000	-2086.832343	0.001636
17.000000	-1058.205599	-0.012696
17.000000	-1250.077692	0.007825
17.000000	-1567.444757	-0.013022
17.000000	-1322.344139	0.005871
17.000000	-1659.457210	-0.007810
17.000000	-1860.658775	-0.000318
17.000000	-1058.205599	0.000333
17.000000	-1322.344139	-0.010742
17.000000	-1322.344139	0.006848
17.000000	-899.210214	-0.013022
17.000000	-3115.898137	0.008151
17.000000	-2086.832343	-0.011393
17.000000	-1757.095057	0.002613
17.000000	-1659.457210	-0.008787
17.000000	-2625.036850	-0.004553
17.000000	-2210.111142	0.003265
17.000000	-2943.140356	-0.010742
17.000000	-1860.658775	0.006522
17.000000	-2943.140356	-0.013347
17.000000	-2943.140356	-0.000644
17.000000	-3694.510640	-0.006181
17.000000	-2943.140356	0.003916
17.000000	-3115.898137	-0.004553
17.000000	-3491.100589	-0.006181
17.000000	-3298.393810	0.003591
17.000000	-4135.507557	-0.013022
17.000000	-4625.723917	0.007174
17.000000	-5169.841986	-0.013999
17.000000	-5772.908144	0.003916
17.000000	-5772.908144	-0.008461
17.000000	-5772.908144	-0.003901
17.000000	-5772.908144	0.006522
17.000000	-4625.723917	-0.013347
17.000000	-5772.908144	0.006197
17.000000	-6800.030256	-0.014650
17.000000	-8430.049725	0.003591
17.000000	-8430.049725	-0.009439
17.000000	-7992.192862	-0.003901
17.000000	-7992.192862	-0.000644
17.000000	-6098.228743	-0.011719
17.000000	-8889.593878	0.004568
17.000000	-8430.049725	-0.014325
17.000000	-10963.485095	0.005219
17.000000	-12155.980275	-0.004878
17.000000	-14163.839823	-0.004878
17.000000	-12155.980275	-0.008136
17.000000	-11545.886514	-0.004878
17.000000	-13463.776521	-0.001947
17.000000	-12155.980275	-0.012045
17.000000	-10407.689105	0.003916
17.000000	-17301.261663	-0.015302
17.000000	-14163.839823	0.003916
17.000000	-15662.494312	-0.013022
17.000000	-17301.261663	-0.001621
17.000000	-18176.626403	-0.003250
17.000000	-21044.224844	-0.014325
17.000000	-24307.078170	0.002613
17.000000	-18176.626403	-0.013999
17.000000	-20046.585077	0.001962
17.000000	-23172.801343	-0.013347
17.000000	-20046.585077	0.004894
17.000000	-30749.885937	-0.012696
17.000000	-25490.326786	-0.000970
17.000000	-26724.348141	-0.006181
17.000000	-30749.885937	-0.007810
17.000000	-30749.885937	0.003265
17.000000	-26724.348141	-0.015628
17.000000	-30749.885937	0.002939
17.000000	-33722.979619	-0.014650
17.000000	-33722.979619	-0.001947
17.000000	-35302.611535	-0.007810
17.000000	-32206.120779	-0.011719
17.000000	-36947.228497	-0.000318
17.000000	-35302.611535	-0.017256
17.000000	-36947.228497	0.003916
17.000000	-44222.069861	-0.015953
17.000000	-46227.096363	0.002288
17.000000	-42294.083573	-0.010090
17.000000	-42294.083573	-0.014650
17.000000	-46227.096363	0.001636
17.000000	-46227.096363	-0.012696
17.000000	-62649.044415	-0.002273
17.000000	-52730.995285	-0.007159
17.000000	-57502.173003	-0.009764
17.000000	-60027.113378	-0.000318
17.000000	-65371.137757	-0.014976
17.000000	-62649.044415	0.002288
17.000000	-62649.044415	-0.014976
17.000000	-68196.650733	-0.000644
17.000000	-68196.650733	-0.007484
17.000000	-77327.604765	-0.014976
17.000000	-60027.113378	0.000659
17.000000	-65371.137757	-0.014325
17.000000	-80601.148105	0.001311
17.000000	-87515.216206	-0.015302
17.000000	-71128.928191	-0.000970
17.000000	-80601.148105	-0.010742
17.000000	-83995.748250	-0.008136
17.000000	-98862.436591	-0.004553
17.000000	-98862.436591	-0.014650
17.000000	-87515.216206	0.000659
17.000000	-83995.748250	-0.015628
17.000000	-98862.436591	-0.001295
17.000000	-102921.499775	-0.009439
17.000000	-102921.499775	-0.005204
17.000000	-98862.436591	-0.012045
17.000000	-107126.014477	-0.007484
17.000000	-107126.014477	-0.002924
17.000000	-107126.014477	-0.017256
17.000000	-98862.436591	0.000333
17.000000	-135664.029565	-0.016931
17.000000	-120657.201847	-0.001621
17.000000	-115989.259298	-0.011393
17.000000	-125489.025284	-0.008787
17.000000	-152282.087688	-0.000318
17.000000	-170657.163215	-0.015953
17.000000	-170657.163215	-0.001947
17.000000	-158204.384179	-0.016605
17.000000	-146554.926497	-0.000318
17.000000	-141017.372803	-0.015953
17.000000	-183960.197749	-0.003250
17.000000	-146554.926497	-0.010416
17.000000	-146554.926497	-0.011067
17.000000	-152282.087688	-0.002924
17.000000	-177199.377994	-0.017582
17.000000	-198162.678824	-0.000970
17.000000	-205617.222185	-0.014325
17.000000	-183960.197749	-0.005530
17.000000	-190945.842541	-0.017582
17.000000	-183960.197749	-0.003901
17.000000	-183960.197749	-0.011719
17.000000	-177199.377994	-0.012370
17.000000	-229474.546053	-0.002924
17.000000	-221266.254812	-0.018559
17.000000	-190945.842541	-0.001621
17.000000	-190945.842541	-0.014976
17.000000	-221266.254812	-0.001947
17.000000	-221266.254812	-0.008136
17.000000	-237948.154061	-0.007484
17.000000	-246694.382445	-0.009764
17.000000	-237948.154061	-0.006181
17.000000	-255720.701166	-0.009764
17.000000	-255720.701166	-0.014325
17.000000	-274644.339317	-0.002598
17.000000	-316200.555506	-0.018559
17.000000	-265034.749546	-0.000318
17.000000	-274644.339317	-0.016605
17.000000	-284557.457710	-0.004553
17.000000	-305327.125628	-0.011719
17.000000	-284557.457710	-0.004553
17.000000	-274644.339317	0.000008
17.000000	-327411.281192	-0.014650
17.000000	-305327.125628	-0.004553
17.000000	-375808.336952	-0.016931
17.000000	-350880.465062	-0.000644
17.000000	-305327.125628	-0.018559
17.000000	-350880.465062	-0.006181
17.000000	-327411.281192	-0.012045
17.000000	-327411.281192	-0.012045
17.000000	-316200.555506	-0.007810
17.000000	-350880.465062	-0.018885
17.000000	-327411.281192	-0.003575
17.000000	-430351.036167	-0.018233
17.000000	-350880.465062	-0.004553
17.000000	-375808.336952	-0.019536
17.000000	-375808.336952	-0.003901
17.000000	-402271.784700	-0.013999
17.000000	-375808.336952	-0.010090
17.000000	-430351.036167	-0.007484
17.000000	-416104.287139	-0.016605
17.000000	-430351.036167	-0.001947
17.000000	-491695.253388	-0.019211
17.000000	-416104.287139	-0.002273
17.000000	-508176.294875	-0.016931
17.000000	-460129.774012	-0.003250
17.000000	-475683.574731	-0.017582
17.000000	-491695.253388	-0.002924
17.000000	-475683.574731	-0.017256
17.000000	-460129.774012	-0.008136
17.000000	-475683.574731	-0.009113
17.000000	-460129.774012	-0.015953
17.000000	-508176.294875	-0.003575
17.000000	-525138.422618	-0.019211
17.000000	-508176.294875	-0.002924
17.000000	-579032.218595	-0.016279
17.000000	-508176.294875	-0.010742
17.000000	-542593.602508	-0.012045
17.000000	-525138.422618	-0.008461
17.000000	-542593.602508	-0.010742
17.000000	-579032.218595	-0.013999
17.000000	-542593.602508	-0.002598
17.000000	-560554.046890	-0.018233
17.000000	-560554.046890	-0.002598
17.000000	-598040.835027	-0.017582
17.000000	-637701.569378	-0.008461
17.000000	-542593.602508	-0.010090
17.000000	-637701.569378	-0.016605
17.000000	-617592.872290	-0.004553
17.000000	-658380.432405	-0.019536
17.000000	-701504.042091	-0.001947
17.000000	-723977.175396	-0.021165
17.000000	-617592.872290	-0.005530
17.000000	-560554.046890	-0.015953
17.000000	-701504.042091	-0.010742
17.000000	-723977.175396	-0.007159
17.000000	-637701.569378	-0.016605
17.000000	-617592.872290	-0.003250
17.000000	-723977.175396	-0.019862
17.000000	-820289.731941	-0.003575
17.000000	-658380.432405	-0.014650
17.000000	-723977.175396	-0.007484
17.000000	-770819.193195	-0.016605
17.000000	-820289.731941	-0.010416
17.000000	-770819.193195	-0.009764
17.000000	-770819.193195	-0.016605
17.000000	-770819.193195	-0.003901
17.000000	-795218.185316	-0.020188
17.000000	-770819.193195	-0.003575
17.000000	-820289.731941	-0.019862
17.000000	-899699.258070	-0.008136
17.000000	-899699.258070	-0.010090
17.000000	-985749.346840	-0.018885
17.000000	-872514.002933	-0.004227
17.000000	-899699.258070	-0.019536
17.000000	-956299.705880	-0.002924
17.000000	-985749.346840	-0.021491
17.000000	-899699.258070	-0.005204
17.000000	-927622.138826	-0.020188
17.000000	-927622.138826	-0.011393
17.000000	-872514.002933	-0.011719
17.000000	-927622.138826	-0.019211
17.000000	-1047036.065501	-0.006181
17.000000	-927622.138826	-0.021165
17.000000	-956299.705880	-0.014650
17.000000	-1015988.781225	-0.008136
17.000000	-872514.002933	-0.017256
17.000000	-1047036.065501	-0.003575
17.000000	-1015988.781225	-0.020839
17.000000	-985749.346840	-0.004227
17.000000	-1111628.124982	-0.018559
17.000000	-1047036.065501	-0.008787
17.000000	-1145210.744019	-0.011067
17.000000	-1111628.124982	-0.015953
17.000000	-985749.346840	-0.006833
17.000000	-1047036.065501	-0.022468
17.000000	-1078909.598183	-0.006833
17.000000	-1047036.065501	-0.019536
17.000000	-1251339.532983	-0.006181
17.000000	-1489670.982055	-0.017582
17.000000	-1215046.445015	-0.014976
17.000000	-1326778.994580	-0.007484
17.000000	-1215046.445015	-0.020514
17.000000	-1406164.369875	-0.002598
17.000000	-1447391.314567	-0.020839
17.000000	-1215046.445015	-0.003250
17.000000	-1015988.781225	-0.015953
17.000000	-1215046.445015	-0.014650
17.000000	-1215046.445015	-0.008787
17.000000	-1215046.445015	-0.014650
17.000000	-1489670.982055	-0.006507
17.000000	-1288576.736041	-0.020839
17.000000	-1365967.633907	-0.004227
17.000000	-1365967.633907	-0.020839
17.000000	-1489670.982055	-0.008136
17.000000	-1406164.369875	-0.014650
17.000000	-1447391.314567	-0.015953
17.000000	-1251339.532983	-0.005204
17.000000	-1489670.982055	-0.020839
17.000000	-1326778.994580	-0.003575
17.000000	-1406164.369875	-0.022794
17.000000	-1489670.982055	-0.003575
17.000000	-1489670.982055	-0.021817
17.000000	-1533026.294210	-0.007484
17.000000	-1577480.586579	-0.015953
17.000000	-1447391.314567	-0.014325
17.000000	-1577480.586579	-0.008136
17.000000	-1447391.314567	-0.020514
17.000000	-1669781.558229	-0.004227
17.000000	-1533026.294210	-0.021817
17.000000	-1533026.294210	-0.007810
17.000000	-1577480.586579	-0.018885
17.000000	-1489670.982055	-0.016279
17.000000	-1577480.586579	-0.013999
17.000000	-1577480.586579	-0.016605
17.000000	-1577480.586579	-0.007159
17.000000	-1406164.369875	-0.021817
17.000000	-1577480.586579	-0.004227
17.000000	-1577480.586579	-0.021491
17.000000	-1669781.558229	-0.008136
17.000000	-1717677.030759	-0.014976
17.000000	-1766769.082204	-0.014325
17.000000	-1766769.082204	-0.007810
17.000000	-1921481.910769	-0.021817
17.000000	-1766769.082204	-0.004553
17.000000	-1868645.349325	-0.021817
17.000000	-1817083.206866	-0.004227
17.000000	-1868645.349325	-0.020188
17.000000	-1766769.082204	-0.007159
17.000000	-1921481.910769	-0.015302
17.000000	-1766769.082204	-0.014976
17.000000	-1975619.755383	-0.007484
17.000000	-1817083.206866	-0.021165
17.000000	-1817083.206866	-0.003901
17.000000	-1766769.082204	-0.023771
17.000000	-1921481.910769	-0.015302
17.000000	-2031086.216817	-0.008461
17.000000	-1817083.206866	-0.016279
17.000000	-1975619.755383	-0.011719
17.000000	-2087909.104712	-0.018559
17.000000	-1975619.755383	-0.006181
17.000000	-2087909.104712	-0.023119
17.000000	-1975619.755383	-0.004227
17.000000	-2146116.711292	-0.020839
17.000000	-2146116.711292	-0.008787
17.000000	-1975619.755383	-0.014650
17.000000	-2205737.818037	-0.017582
17.000000	-2205737.818037	-0.005530
17.000000	-1975619.755383	-0.022468
17.000000	-1921481.910769	-0.004553
17.000000	-2146116.711292	-0.021491
17.000000	-2087909.104712	-0.011067
17.000000	-2146116.711292	-0.014650
17.000000	-2146116.711292	-0.017908
17.000000	-2266801.702407	-0.007159
17.000000	-2329338.144654	-0.024097
17.000000	-2526088.307751	-0.004227
17.000000	-2329338.144654	-0.023119
17.000000	-2266801.702407	-0.010416
17.000000	-2329338.144654	-0.007810
17.000000	-2526088.307751	-0.021491
17.000000	-2146116.711292	-0.007159
17.000000	-2329338.144654	-0.024748
17.000000	-2458950.379010	-0.006507
17.000000	-2266801.702407	-0.020839
17.000000	-2526088.307751	-0.011393
17.000000	-2393377.434685	-0.013673
17.000000	-2266801.702407	-0.019211
17.000000	-2458950.379010	-0.004878
17.000000	-2665187.099612	-0.023445
17.000000	-2594823.081727	-0.005530
17.000000	-2526088.307751	-0.015953
17.000000	-2393377.434685	-0.012370
17.000000	-2594823.081727	-0.013347
17.000000	-2526088.307751	-0.019862
17.000000	-2393377.434685	-0.006507
17.000000	-2526088.307751	-0.023771
17.000000	-2458950.379010	-0.005204
17.000000	-2526088.307751	-0.019862
17.000000	-2737213.305155	-0.012045
17.000000	-2393377.434685	-0.012696
17.000000	-2886386.823491	-0.020188
17.000000	-2458950.379010	-0.005856
17.000000	-3123469.260481	-0.017582
17.000000	-2737213.305155	-0.010090
17.000000	-2737213.305155	-0.019211
17.000000	-2886386.823491	-0.013022
17.000000	-2737213.305155	-0.012045
17.000000	-2594823.081727	-0.021165
17.000000	-2886386.823491	-0.006181
17.000000	-2737213.305155	-0.024422
17.000000	-2737213.305155	-0.006181
17.000000	-2810935.194488	-0.022142
17.000000	-3042618.367537	-0.010742
17.000000	-2810935.194488	-0.013999
17.000000	-2886386.823491	-0.018559
17.000000	-2886386.823491	-0.010742
17.000000	-2886386.823491	-0.020514
17.000000	-2810935.194488	-0.006181
17.000000	-2810935.194488	-0.024748
17.000000	-3206191.864163	-0.007159
17.000000	-2963602.815242	-0.019536
17.000000	-2886386.823491	-0.011719
17.000000	-3206191.864163	-0.013347
17.000000	-3290823.146393	-0.020188
17.000000	-3123469.260481	-0.004553
17.000000	-3290823.146393	-0.024748
17.000000	-3123469.260481	-0.007810
17.000000	-2963602.815242	-0.022142
17.000000	-3206191.864163	-0.013347
17.000000	-2963602.815242	-0.013347
17.000000	-3042618.367537	-0.019536
17.000000	-3206191.864163	-0.006181
17.000000	-3206191.864163	-0.025400
17.000000	-3465962.653366	-0.005856
17.000000	-3206191.864163	-0.021165
17.000000	-3042618.367537	-0.011719
17.000000	-3042618.367537	-0.015302
17.000000	-3465962.653366	-0.025074
17.000000	-3290823.146393	-0.003901
17.000000	-3649195.777472	-0.024748
17.000000	-3465962.653366	-0.006181
17.000000	-3123469.260481	-0.023119
17.000000	-3290823.146393	-0.012045
17.000000	-3290823.146393	-0.014325
17.000000	-3290823.146393	-0.019536
17.000000	-3377400.680528	-0.006833
17.000000	-3465962.653366	-0.021817
17.000000	-3556547.873121	-0.006181
17.000000	-3123469.260481	-0.023771
17.000000	-3377400.680528	-0.019536
17.000000	-3206191.864163	-0.009439
17.000000	-3556547.873121	-0.022142
17.000000	-3556547.873121	-0.006181
17.000000	-3649195.777472	-0.023771
17.000000	-3649195.777472	-0.002924
17.000000	-3465962.653366	-0.022142
17.000000	-3377400.680528	-0.009764
17.000000	-3743946.441694	-0.015302
17.000000	-3465962.653366	-0.019536
17.000000	-3556547.873121	-0.007484
17.000000	-3939919.588150	-0.025400
17.000000	-3649195.777472	-0.022142
17.000000	-3556547.873121	-0.005856
17.000000	-3465962.653366	-0.023771
17.000000	-3649195.777472	-0.004553
17.000000	-3649195.777472	-0.021817
17.000000	-3939919.588150	-0.010416
17.000000	-3649195.777472	-0.016931
17.000000	-3939919.588150	-0.015953
17.000000	-3649195.777472	-0.007810
17.000000	-4144800.980433	-0.023445
17.000000	-3649195.777472	-0.003575
17.000000	-3840840.586866	-0.022142
17.000000	-3743946.441694	-0.021165
17.000000	-3743946.441694	-0.006507
17.000000	-4041225.483167	-0.023445
17.000000	-3556547.873121	-0.004227
17.000000	-3939919.588150	-0.023445
17.000000	-4041225.483167	-0.008787
17.000000	-3939919.588150	-0.017908
17.000000	-4041225.483167	-0.016931
17.000000	-4041225.483167	-0.009764
17.000000	-3743946.441694	-0.023445
17.000000	-3743946.441694	-0.005530
17.000000	-4698265.342519	-0.024097
17.000000	-3939919.588150	-0.012045
17.000000	-3649195.777472	-0.019536
17.000000	-4144800.980433	-0.011067
17.000000	-4041225.483167	-0.017582
17.000000	-3939919.588150	-0.017908
17.000000	-4358935.021507	-0.009113
17.000000	-4250689.467889	-0.024097
17.000000	-4358935.021507	-0.004878
17.000000	-4358935.021507	-0.026051
17.000000	-4250689.467889	-0.008787
17.000000	-4250689.467889	-0.019536
17.000000	-4144800.980433	-0.019211
17.000000	-4469582.413976	-0.012696
17.000000	-3939919.588150	-0.016605
17.000000	-4358935.021507	-0.014325
17.000000	-4469582.413976	-0.019211
17.000000	-4469582.413976	-0.008136
17.000000	-4582677.123474	-0.025074
17.000000	-4144800.980433	-0.005204
17.000000	-4144800.980433	-0.024422
17.000000	-4582677.123474	-0.009764
17.000000	-4358935.021507	-0.018233
17.000000	-4358935.021507	-0.017908
17.000000	-4358935.021507	-0.010090
17.000000	-4358935.021507	-0.023445
17.000000	-4816393.986903	-0.010090
17.000000	-4582677.123474	-0.020514
17.000000	-4469582.413976	-0.006507
17.000000	-4582677.123474	-0.026051
17.000000	-4582677.123474	-0.004878
17.000000	-4358935.021507	-0.022468
17.000000	-4816393.986903	-0.009439
17.000000	-4582677.123474	-0.017908
17.000000	-4816393.986903	-0.018559
17.000000	-4937110.704713	-0.007159
17.000000	-4816393.986903	-0.026377
17.000000	-5186502.669116	-0.009113
17.000000	-4469582.413976	-0.018233
17.000000	-4937110.704713	-0.005856
17.000000	-5186502.669116	-0.020514
17.000000	-4937110.704713	-0.010742
17.000000	-4469582.413976	-0.015302
17.000000	-4698265.342519	-0.019536
17.000000	-4816393.986903	-0.009113
17.000000	-4937110.704713	-0.025400
17.000000	-5060463.885429	-0.006507
17.000000	-4937110.704713	-0.025074
17.000000	-4816393.986903	-0.017256
17.000000	-4937110.704713	-0.013347
17.000000	-5581235.492691	-0.015302
17.000000	-5186502.669116	-0.012045
17.000000	-4816393.986903	-0.023445
17.000000	-4582677.123474	-0.003901
17.000000	-5186502.669116	-0.027028
17.000000	-4937110.704713	-0.007159
17.000000	-5186502.669116	-0.021165
17.000000	-4816393.986903	-0.013673
17.000000	-4816393.986903	-0.013022
17.000000	-4937110.704713	-0.023445
17.000000	-4816393.986903	-0.005856
17.000000	-4937110.704713	-0.026051
17.000000	-5315276.955693	-0.006181
17.000000	-4937110.704713	-0.025725
17.000000	-5446837.414290	-0.010090
17.000000	-4816393.986903	-0.016279
17.000000	-5446837.414290	-0.022794
17.000000	-5858754.250589	-0.008461
17.000000	-4937110.704713	-0.026377
17.000000	-5186502.669116	-0.009439
17.000000	-5315276.955693	-0.020839
17.000000	-6297646.568198	-0.016931
17.000000	-5186502.669116	-0.013347
17.000000	-5581235.492691	-0.019211
17.000000	-5060463.885429	-0.013673
17.000000	-5315276.955693	-0.021491
17.000000	-5446837.414290	-0.009113
17.000000	-5315276.955693	-0.025400
17.000000	-5446837.414290	-0.008136
17.000000	-5315276.955693	-0.023771
17.000000	-5581235.492691	-0.012045
17.000000	-6001981.805137	-0.015628
17.000000	-5581235.492691	-0.020188
17.000000	-5060463.885429	-0.009764
17.000000	-5718523.426866	-0.024748
17.000000	-5581235.492691	-0.007484
17.000000	-5581235.492691	-0.025400
17.000000	-5858754.250589	-0.007159
17.000000	-6148260.749087	-0.025400
17.000000	-5446837.414290	-0.011719
17.000000	-5581235.492691	-0.018559
17.000000	-5858754.250589	-0.017908
17.000000	-5581235.492691	-0.011067
17.000000	-5581235.492691	-0.025725
17.000000	-5186502.669116	-0.005856
17.000000	-5858754.250589	-0.026703
17.000000	-5581235.492691	-0.010742
17.000000	-6297646.568198	-0.022468
17.000000	-5718523.426866	-0.009113
17.000000	-5718523.426866	-0.019862
17.000000	-6148260.749087	-0.015628
17.000000	-5858754.250589	-0.013673
17.000000	-6297646.568198	-0.022142
17.000000	-6001981.805137	-0.006833
17.000000	-6001981.805137	-0.026051
17.000000	-6450195.585379	-0.008787
17.000000	-5581235.492691	-0.021817
17.000000	-5858754.250589	-0.016605
17.000000	-6450195.585379	-0.008461
17.000000	-5858754.250589	-0.026051
17.000000	-6297646.568198	-0.008787
17.000000	-5581235.492691	-0.026377
17.000000	-6001981.805137	-0.008136
17.000000	-6001981.805137	-0.024422
17.000000	-6001981.805137	-0.013022
17.000000	-6148260.749087	-0.016605
17.000000	-6927397.823606	-0.020839
17.000000	-6605964.970752	-0.010090
17.000000	-6148260.749087	-0.026377
17.000000	-6927397.823606	-0.006833
17.000000	-6297646.568198	-0.014650
17.000000	-6297646.568198	-0.019862
17.000000	-6450195.585379	-0.012370
17.000000	-6450195.585379	-0.026051
17.000000	-6297646.568198	-0.008787
17.000000	-6148260.749087	-0.026051
17.000000	-6450195.585379	-0.009113
17.000000	-6297646.568198	-0.020188
17.000000	-6765012.751798	-0.016931
17.000000	-6148260.749087	-0.013673
17.000000	-6297646.568198	-0.021491
17.000000	-6297646.568198	-0.007159
17.000000	-6765012.751798	-0.026377
17.000000	-6001981.805137	-0.008136
17.000000	-6450195.585379	-0.025725
17.000000	-6148260.749087	-0.008787
17.000000	-6297646.568198	-0.023119
17.000000	-6450195.585379	-0.014976
17.000000	-6765012.751798	-0.015302
17.000000	-6927397.823606	-0.024097
17.000000	-7611519.867524	-0.008136
17.000000	-6765012.751798	-0.025725
17.000000	-6605964.970752	-0.009439
17.000000	-7093179.959198	-0.015628
17.000000	-6765012.751798	-0.018233
17.000000	-6450195.585379	-0.017582
17.000000	-6450195.585379	-0.018233
17.000000	-6927397.823606	-0.004878
17.000000	-6927397.823606	-0.021491
17.000000	-6450195.585379	-0.006181
17.000000	-6765012.751798	-0.024748
17.000000	-7435178.966150	-0.008461
17.000000	-7093179.959198	-0.020514
17.000000	-6765012.751798	-0.015628
17.000000	-7435178.966150	-0.013022
17.000000	-6927397.823606	-0.025400
17.000000	-7262419.819959	-0.007810
17.000000	-6765012.751798	-0.025074
17.000000	-7262419.819959	-0.009113
17.000000	-6605964.970752	-0.021165
17.000000	-6927397.823606	-0.015953
17.000000	-7262419.819959	-0.013673
17.000000	-6765012.751798	-0.022794
17.000000	-7611519.867524	-0.008136
17.000000	-6297646.568198	-0.026377
17.000000	-7435178.966150	-0.018233
17.000000	-6927397.823606	-0.012045
17.000000	-7435178.966150	-0.025074
17.000000	-7262419.819959	-0.008461
17.000000	-7975201.426575	-0.024097
17.000000	-6927397.823606	-0.007484
17.000000	-7435178.966150	-0.025400
17.000000	-7093179.959198	-0.010742
17.000000	-7262419.819959	-0.020514
17.000000	-7791505.914021	-0.017908
17.000000	-7262419.819959	-0.013347
17.000000	-7611519.867524	-0.024748
17.000000	-6765012.751798	-0.008787
17.000000	-7435178.966150	-0.027028
17.000000	-7435178.966150	-0.013673
17.000000	-6927397.823606	-0.020188
17.000000	-7435178.966150	-0.013347
17.000000	-7435178.966150	-0.017908
17.000000	-7435178.966150	-0.020839
17.000000	-7262419.819959	-0.010742
17.000000	-7791505.914021	-0.025400
17.000000	-7975201.426575	-0.007810
17.000000	-7611519.867524	-0.026051
17.000000	-7262419.819959	-0.011393
17.000000	-7611519.867524	-0.024422
17.000000	-7093179.959198	-0.022794
17.000000	-7975201.426575	-0.013673
17.000000	-7093179.959198	-0.028005
17.000000	-7611519.867524	-0.009439
17.000000	-7611519.867524	-0.024422
17.000000	-7262419.819959	-0.014976
17.000000	-7611519.867524	-0.017908
17.000000	-7435178.966150	-0.020839
17.000000	-7262419.819959	-0.010742
17.000000	-8549202.164146	-0.026703
17.000000	-7791505.914021	-0.009113
17.000000	-8162671.667999	-0.025725
17.000000	-7435178.966150	-0.014325
17.000000	-7262419.819959	-0.018559
17.000000	-7975201.426575	-0.014976
17.000000	-8162671.667999	-0.017582
17.000000	-7975201.426575	-0.021491
17.000000	-7611519.867524	-0.010742
17.000000	-7435178.966150	-0.027028
17.000000	-7975201.426575	-0.008787
17.000000	-7975201.426575	-0.025074
17.000000	-7611519.867524	-0.011719
17.000000	-8162671.667999	-0.019211
17.000000	-7975201.426575	-0.019536
17.000000	-7791505.914021	-0.010742
17.000000	-8162671.667999	-0.026377
17.000000	-7611519.867524	-0.010742
17.000000	-8549202.164146	-0.025725
17.000000	-8549202.164146	-0.013022
17.000000	-8549202.164146	-0.019536
17.000000	-8162671.667999	-0.019536
17.000000	-8162671.667999	-0.012370
17.000000	-8162671.667999	-0.025074
17.000000	-8353982.853978	-0.008461
17.000000	-7975201.426575	-0.026051
17.000000	-7975201.426575	-0.010742
17.000000	-7975201.426575	-0.015953
17.000000	-8162671.667999	-0.018559
17.000000	-7611519.867524	-0.019211
17.000000	-8549202.164146	-0.021165
17.000000	-8549202.164146	-0.012696
17.000000	-7791505.914021	-0.026377
17.000000	-8162671.667999	-0.009439
17.000000	-7791505.914021	-0.026703
17.000000	-7611519.867524	-0.012045
17.000000	-8549202.164146	-0.020839
17.000000	-8549202.164146	-0.017582
17.000000	-8162671.667999	-0.014650
17.000000	-8549202.164146	-0.026051
17.000000	-7975201.426575	-0.010090
17.000000	-8748397.753273	-0.025400
17.000000	-7791505.914021	-0.011393
17.000000	-8162671.667999	-0.021165
17.000000	-8748397.753273	-0.017582
17.000000	-8162671.667999	-0.014325
17.000000	-8353982.853978	-0.024097
17.000000	-8162671.667999	-0.009113
17.000000	-8549202.164146	-0.026703
17.000000	-8162671.667999	-0.005204
17.000000	-8748397.753273	-0.021491
17.000000	-7975201.426575	-0.019536
17.000000	-7975201.426575	-0.014325
17.000000	-8549202.164146	-0.019211
17.000000	-8353982.853978	-0.011067
17.000000	-8951638.762534	-0.022794
17.000000	-7611519.867524	-0.010416
17.000000	-8162671.667999	-0.026377
17.000000	-8951638.762534	-0.009113
17.000000	-8162671.667999	-0.026051
17.000000	-8748397.753273	-0.013022
17.000000	-8549202.164146	-0.019211
17.000000	-8951638.762534	-0.017256
17.000000	-9806474.988416	-0.003250
17.000000	-8549202.164146	-0.022142
17.000000	-8748397.753273	-0.008136
17.000000	-8748397.753273	-0.025725
17.000000	-8162671.667999	-0.008787
17.000000	-8748397.753273	-0.022794
17.000000	-8748397.753273	-0.014650
17.000000	-8748397.753273	-0.016605
17.000000	-8549202.164146	-0.022468
17.000000	-9158995.330888	-0.010742
17.000000	-8748397.753273	-0.026377
17.000000	-8748397.753273	-0.010090
17.000000	-8549202.164146	-0.019211
17.000000	-8162671.667999	-0.013673
17.000000	-8748397.753273	-0.016279
17.000000	-9370538.606546	-0.022468
17.000000	-8549202.164146	-0.010416
17.000000	-8549202.164146	-0.026051
17.000000	-8951638.762534	-0.008461
17.000000	-8951638.762534	-0.025400
17.000000	-8748397.753273	-0.014325
17.000000	-9586340.758546	-0.016605
17.000000	-9370538.606546	-0.021165
17.000000	-8748397.753273	-0.009764
17.000000	-8353982.853978	-0.025074
17.000000	-8951638.762534	-0.010742
17.000000	-9158995.330888	-0.023771
17.000000	-8549202.164146	-0.014976
17.000000	-8549202.164146	-0.017256
17.000000	-8951638.762534	-0.022142
17.000000	-9158995.330888	-0.010742
17.000000	-9158995.330888	-0.026051
17.000000	-9370538.606546	-0.009439
17.000000	-9370538.606546	-0.025074
17.000000	-9158995.330888	-0.012370
17.000000	-8748397.753273	-0.017582
17.000000	-9370538.606546	-0.025074
17.000000	-9370538.606546	-0.009439
17.000000	-9158995.330888	-0.024748
17.000000	-8951638.762534	-0.012370
17.000000	-8951638.762534	-0.019862
17.000000	-8748397.753273	-0.019862
17.000000	-10031015.541947	-0.012696
17.000000	-8748397.753273	-0.025725
17.000000	-10974763.125159	-0.009439
17.000000	-9586340.758546	-0.026051
17.000000	-10260037.721061	-0.013347
17.000000	-9158995.330888	-0.018233
17.000000	-8951638.762534	-0.022794
17.000000	-9370538.606546	-0.011393
17.000000	-9158995.330888	-0.027680
17.000000	-9806474.988416	-0.009113
17.000000	-9806474.988416	-0.030611
17.000000	-9158995.330888	-0.014325
17.000000	-8951638.762534	-0.021817
17.000000	-9158995.330888	-0.019862
17.000000	-10260037.721061	-0.013673
17.000000	-9158995.330888	-0.027028
17.000000	-9158995.330888	-0.009439
17.000000	-9370538.606546	-0.016605
17.000000	-9158995.330888	-0.024748
17.000000	-9370538.606546	-0.013022
17.000000	-10031015.541947	-0.025725
17.000000	-9586340.758546	-0.009113
17.000000	-9370538.606546	-0.027354
17.000000	-9806474.988416	-0.010416
17.000000	-10260037.721061	-0.023119
17.000000	-10031015.541947	-0.017256
17.000000	-9586340.758546	-0.016931
17.000000	-10260037.721061	-0.023119
17.000000	-9586340.758546	-0.010742
17.000000	-9586340.758546	-0.027354
17.000000	-9806474.988416	-0.009439
17.000000	-8951638.762534	-0.027680
17.000000	-8748397.753273	-0.008787
17.000000	-10031015.541947	-0.027028
17.000000	-9586340.758546	-0.010742
17.000000	-9370538.606546	-0.022794
17.000000	-9806474.988416	-0.020514
17.000000	-9806474.988416	-0.011393
17.000000	-9370538.606546	-0.026051
17.000000	-9370538.606546	-0.009113
17.000000	-9806474.988416	-0.024748
17.000000	-10493617.895780	-0.013999
17.000000	-9586340.758546	-0.023445
17.000000	-10731833.516300	-0.010742
17.000000	-8951638.762534	-0.020839
17.000000	-9806474.988416	-0.017908
17.000000	-10031015.541947	-0.014650
17.000000	-10031015.541947	-0.025725
17.000000	-10260037.721061	-0.010090
17.000000	-10731833.516300	-0.027354
17.000000	-10260037.721061	-0.010742
17.000000	-9586340.758546	-0.024097
17.000000	-9370538.606546	-0.014650
17.000000	-10260037.721061	-0.014650
17.000000	-9806474.988416	-0.020188
17.000000	-9806474.988416	-0.017582
17.000000	-10260037.721061	-0.021491
17.000000	-10260037.721061	-0.011719
17.000000	-9806474.988416	-0.027680
17.000000	-10031015.541947	-0.008136
17.000000	-9806474.988416	-0.026377
17.000000	-10731833.516300	-0.010742
17.000000	-11222486.369517	-0.020839
17.000000	-9370538.606546	-0.019536
17.000000	-10260037.721061	-0.011719
17.000000	-10731833.516300	-0.023771
17.000000	-10493617.895780	-0.011719
17.000000	-9370538.606546	-0.027028
17.000000	-10260037.721061	-0.014325
17.000000	-10493617.895780	-0.019862
17.000000	-10731833.516300	-0.021165
17.000000	-10260037.721061	-0.011719
17.000000	-10260037.721061	-0.027680
17.000000	-10260037.721061	-0.008787
17.000000	-9806474.988416	-0.027680
17.000000	-11222486.369517	-0.011393
17.000000	-10731833.516300	-0.012696
17.000000	-9806474.988416	-0.026051
17.000000	-10731833.516300	-0.009764
17.000000	-10493617.895780	-0.025725
17.000000	-10031015.541947	-0.015628
17.000000	-10260037.721061	-0.019862
17.000000	-10031015.541947	-0.020514
17.000000	-10493617.895780	-0.011719
17.000000	-10260037.721061	-0.027028
17.000000	-9806474.988416	-0.007810
17.000000	-10974763.125159	-0.028005
17.000000	-10031015.541947	-0.009439
17.000000	-11475084.013534	-0.010416
17.000000	-10731833.516300	-0.029634
17.000000	-10731833.516300	-0.010416
17.000000	-9586340.758546	-0.035172
17.000000	-10260037.721061	-0.012045
17.000000	-10260037.721061	-0.027680
17.000000	-10260037.721061	-0.015628
17.000000	-10031015.541947	-0.019536
17.000000	-10493617.895780	-0.023119
17.000000	-9586340.758546	-0.012696
17.000000	-10974763.125159	-0.028657
17.000000	-11222486.369517	-0.008787
17.000000	-10493617.895780	-0.022142
17.000000	-10974763.125159	-0.016931
17.000000	-11222486.369517	-0.021817
17.000000	-10731833.516300	-0.019211
17.000000	-10731833.516300	-0.013673
17.000000	-10974763.125159	-0.026051
17.000000	-10731833.516300	-0.008136
17.000000	-10493617.895780	-0.028657
17.000000	-11222486.369517	-0.009439
17.000000	-10731833.516300	-0.024097
17.000000	-11475084.013534	-0.015302
17.000000	-9370538.606546	-0.014976
17.000000	-10974763.125159	-0.028331
17.000000	-10974763.125159	-0.009439
17.000000	-11475084.013534	-0.028983
17.000000	-10974763.125159	-0.009764
17.000000	-10731833.516300	-0.025400
17.000000	-10260037.721061	-0.014650
17.000000	-11475084.013534	-0.017582
17.000000	-10493617.895780	-0.023119
17.000000	-10974763.125159	-0.010090
17.000000	-10493617.895780	-0.028331
17.000000	-10493617.895780	-0.008136
17.000000	-10974763.125159	-0.021165
17.000000	-10493617.895780	-0.027028
17.000000	-10493617.895780	-0.008461
17.000000	-10493617.895780	-0.027680
17.000000	-10260037.721061	-0.010090
17.000000	-10493617.895780	-0.023771
17.000000	-11475084.013534	-0.015953
17.000000	-11222486.369517	-0.015953
17.000000	-10731833.516300	-0.024422
17.000000	-10731833.516300	-0.009764
17.000000	-11995231.217170	-0.028005
17.000000	-11475084.013534	-0.008136
17.000000	-11222486.369517	-0.027028
17.000000	-11475084.013534	-0.014976
17.000000	-10731833.516300	-0.021817
17.000000	-11475084.013534	-0.018559
17.000000	-10493617.895780	-0.013347
17.000000	-10731833.516300	-0.025725
17.000000	-10974763.125159	-0.007810
17.000000	-11222486.369517	-0.028657
17.000000	-12262948.002964	-0.008136
17.000000	-11732637.950849	-0.025400
17.000000	-10974763.125159	-0.014976
17.000000	-11222486.369517	-0.017582
17.000000	-11222486.369517	-0.025725
17.000000	-11475084.013534	-0.012696
17.000000	-10260037.721061	-0.027680
17.000000	-11222486.369517	-0.009439
17.000000	-10974763.125159	-0.029960
17.000000	-10974763.125159	-0.008787
17.000000	-10493617.895780	-0.026377
17.000000	-10974763.125159	-0.014650
17.000000	-11475084.013534	-0.018233
17.000000	-11222486.369517	-0.022468
17.000000	-11222486.369517	-0.011067
17.000000	-11222486.369517	-0.028983
17.000000	-11732637.950849	-0.008461
17.000000	-11732637.950849	-0.028005
17.000000	-11995231.217170	-0.008136
17.000000	-11475084.013534	-0.026703
17.000000	-11475084.013534	-0.011067
17.000000	-10974763.125159	-0.025400
17.000000	-11222486.369517	-0.023445
17.000000	-11475084.013534	-0.012045
17.000000	-10974763.125159	-0.028331
17.000000	-10974763.125159	-0.008787
17.000000	-11732637.950849	-0.029308
17.000000	-11475084.013534	-0.015953
17.000000	-11475084.013534	-0.010742
17.000000	-12262948.002964	-0.024748
17.000000	-11222486.369517	-0.014325
17.000000	-11995231.217170	-0.025725
17.000000	-12262948.002964	-0.008787
17.000000	-11995231.217170	-0.029308
17.000000	-10493617.895780	-0.008787
17.000000	-11995231.217170	-0.026377
17.000000	-10974763.125159	-0.015302
17.000000	-10974763.125159	-0.016931
17.000000	-11222486.369517	-0.022794
17.000000	-10974763.125159	-0.010416
17.000000	-11732637.950849	-0.025725
17.000000	-11995231.217170	-0.010742
17.000000	-11995231.217170	-0.026051
17.000000	-11475084.013534	-0.013999
17.000000	-11222486.369517	-0.018559
17.000000	-12262948.002964	-0.022794
17.000000	-11222486.369517	-0.010416
17.000000	-11732637.950849	-0.028331
17.000000	-11475084.013534	-0.007810
17.000000	-11475084.013534	-0.026703
17.000000	-11475084.013534	-0.015628
17.000000	-12262948.002964	-0.012696
17.000000	-11732637.950849	-0.028331
17.000000	-11732637.950849	-0.008136
17.000000	-11475084.013534	-0.028983
17.000000	-11732637.950849	-0.009764
17.000000	-11222486.369517	-0.025074
17.000000	-12262948.002964	-0.015953
17.000000	-11475084.013534	-0.014650
17.000000	-12535873.666252	-0.023771
17.000000	-11732637.950849	-0.009113
17.000000	-12262948.002964	-0.027680
17.000000	-11222486.369517	-0.008461
17.000000	-11475084.013534	-0.027354
17.000000	-11222486.369517	-0.015302
17.000000	-10731833.516300	-0.023445
17.000000	-11475084.013534	-0.017256
17.000000	-11475084.013534	-0.014650
17.000000	-11732637.950849	-0.026051
17.000000	-11475084.013534	-0.008136
17.000000	-11732637.950849	-0.028657
17.000000	-12262948.002964	-0.010090
17.000000	-11732637.950849	-0.023771
17.000000	-11222486.369517	-0.019211
17.000000	-11732637.950849	-0.013673
17.000000	-11995231.217170	-0.035172
17.000000	-11475084.013534	-0.012696
17.000000	-11475084.013534	-0.027028
17.000000	-11995231.217170	-0.014650
17.000000	-10974763.125159	-0.019536
17.000000	-12814094.745512	-0.022468
17.000000	-12262948.002964	-0.011393
17.000000	-11475084.013534	-0.028657
17.000000	-12535873.666252	-0.007810
17.000000	-11995231.217170	-0.028657
17.000000	-11995231.217170	-0.011067
17.000000	-13386775.286316	-0.023119
17.000000	-12262948.002964	-0.021817
17.000000	-13097698.972691	-0.011393
17.000000	-11475084.013534	-0.024748
17.000000	-11732637.950849	-0.014650
17.000000	-11995231.217170	-0.022468
17.000000	-11732637.950849	-0.012696
17.000000	-11222486.369517	-0.027680
17.000000	-11732637.950849	-0.009113
17.000000	-12535873.666252	-0.029308
17.000000	-12262948.002964	-0.011067
17.000000	-11995231.217170	-0.023771
17.000000	-12535873.666252	-0.017582
17.000000	-12535873.666252	-0.015953
17.000000	-11732637.950849	-0.027028
17.000000	-11995231.217170	-0.010416
17.000000	-12814094.745512	-0.028331
17.000000	-11995231.217170	-0.008136
17.000000	-12262948.002964	-0.027680
17.000000	-11995231.217170	-0.011393
17.000000	-12535873.666252	-0.020514
17.000000	-11995231.217170	-0.021491
17.000000	-12262948.002964	-0.011393
17.000000	-12262948.002964	-0.028331
17.000000	-11995231.217170	-0.007159
17.000000	-12814094.745512	-0.026051
17.000000	-12535873.666252	-0.007159
17.000000	-12814094.745512	-0.017908
17.000000	-12814094.745512	-0.018233
17.000000	-11995231.217170	-0.014325
17.000000	-12262948.002964	-0.026051
17.000000	-12535873.666252	-0.008461
17.000000	-12814094.745512	-0.028983
17.000000	-13097698.972691	-0.009439
17.000000	-11475084.013534	-0.025725
17.000000	-11732637.950849	-0.015953
17.000000	-11475084.013534	-0.017908
17.000000	-13386775.286316	-0.023771
17.000000	-12814094.745512	-0.009113
17.000000	-11475084.013534	-0.029308
17.000000	-11732637.950849	-0.009113
17.000000	-12262948.002964	-0.028983
17.000000	-12814094.745512	-0.008787
17.000000	-12814094.745512	-0.027028
17.000000	-12814094.745512	-0.014650
17.000000	-12535873.666252	-0.019211
17.000000	-11995231.217170	-0.022794
17.000000	-11995231.217170	-0.010742
17.000000	-11222486.369517	-0.028331
17.000000	-12535873.666252	-0.008461
17.000000	-11732637.950849	-0.029634
17.000000	-12262948.002964	-0.009439
17.000000	-11995231.217170	-0.025400
17.000000	-12814094.745512	-0.019211
17.000000	-13097698.972691	-0.014325
17.000000	-13981706.039381	-0.026051
17.000000	-12814094.745512	-0.008787
17.000000	-11995231.217170	-0.028983
17.000000	-11732637.950849	-0.009439
17.000000	-13386775.286316	-0.026051
17.000000	-11732637.950849	-0.018233
17.000000	-12262948.002964	-0.011393
17.000000	-11732637.950849	-0.026703
17.000000	-11732637.950849	-0.010090
17.000000	-11732637.950849	-0.029960
17.000000	-12814094.745512	-0.009439
17.000000	-12262948.002964	-0.027680
17.000000	-12814094.745512	-0.015302
17.000000	-11732637.950849	-0.019211
17.000000	-13386775.286316	-0.023771
17.000000	-12814094.745512	-0.011719
17.000000	-12814094.745512	-0.028657
17.000000	-12262948.002964	-0.009113
17.000000	-12535873.666252	-0.011719
17.000000	-12535873.666252	-0.028983
17.000000	-13097698.972691	-0.010090
17.000000	-12262948.002964	-0.030286
17.000000	-12535873.666252	-0.010742
17.000000	-12262948.002964	-0.026051
17.000000	-12262948.002964	-0.015953
17.000000	-12814094.745512	-0.017582
17.000000	-12814094.745512	-0.027028
17.000000	-11732637.950849	-0.009439
17.000000	-12535873.666252	-0.028983
17.000000	-12535873.666252	-0.010090
17.000000	-13097698.972691	-0.020839
17.000000	-12814094.745512	-0.018559
17.000000	-12814094.745512	-0.020839
17.000000	-12535873.666252	-0.021165
17.000000	-12535873.666252	-0.012696
17.000000	-13386775.286316	-0.028005
17.000000	-12262948.002964	-0.008136
17.000000	-12535873.666252	-0.028657
17.000000	-14287744.508345	-0.010090
17.000000	-13097698.972691	-0.024748
17.000000	-13097698.972691	-0.017256
17.000000	-13097698.972691	-0.010090
17.000000	-13386775.286316	-0.026377
17.000000	-12814094.745512	-0.014650
17.000000	-13097698.972691	-0.023445
17.000000	-13386775.286316	-0.021491
17.000000	-12814094.745512	-0.015953
17.000000	-13097698.972691	-0.028005
17.000000	-12814094.745512	-0.009439
17.000000	-13097698.972691	-0.029634
17.000000	-12814094.745512	-0.010742
17.000000	-12535873.666252	-0.023445
17.000000	-13681413.844722	-0.018559
17.000000	-14287744.508345	-0.012370
17.000000	-12814094.745512	-0.027028
17.000000	-13386775.286316	-0.013347
17.000000	-13386775.286316	-0.026377
17.000000	-12535873.666252	-0.010090
17.000000	-13097698.972691	-0.029960
17.000000	-12262948.002964	-0.010416
17.000000	-11995231.217170	-0.024422
17.000000	-13386775.286316	-0.017908
17.000000	-13386775.286316	-0.016279
17.000000	-13097698.972691	-0.025074
17.000000	-11995231.217170	-0.009764
17.000000	-13386775.286316	-0.029634
17.000000	-12814094.745512	-0.011393
17.000000	-13386775.286316	-0.028657
17.000000	-14599623.149795	-0.013999
17.000000	-12262948.002964	-0.019536
17.000000	-13981706.039381	-0.022142
17.000000	-12262948.002964	-0.012696
17.000000	-12262948.002964	-0.027680
17.000000	-14287744.508345	-0.007810
17.000000	-12262948.002964	-0.028983
17.000000	-12814094.745512	-0.011067
17.000000	-12814094.745512	-0.020514
17.000000	-13386775.286316	-0.024097
17.000000	-13097698.972691	-0.012696
17.000000	-13681413.844722	-0.024097
17.000000	-12535873.666252	-0.010742
17.000000	-13386775.286316	-0.030286
17.000000	-12535873.666252	-0.008461
17.000000	-13097698.972691	-0.027680
17.000000	-13386775.286316	-0.012696
17.000000	-13681413.844722	-0.016279
17.000000	-13681413.844722	-0.027680
17.000000	-12814094.745512	-0.008787
17.000000	-13097698.972691	-0.029308
17.000000	-13386775.286316	-0.021165
17.000000	-13681413.844722	-0.014976
17.000000	-13981706.039381	-0.018885
17.000000	-13386775.286316	-0.013999
17.000000	-13386775.286316	-0.026703
17.000000	-12535873.666252	-0.008461
17.000000	-13981706.039381	-0.029634
17.000000	-12814094.745512	-0.011719
17.000000	-13681413.844722	-0.023119
17.000000	-13097698.972691	-0.018559
17.000000	-13681413.844722	-0.013999
17.000000	-13981706.039381	-0.027680
17.000000	-13681413.844722	-0.020514
17.000000	-13097698.972691	-0.016605
17.000000	-13981706.039381	-0.022468
17.000000	-13386775.286316	-0.009439
17.000000	-13097698.972691	-0.028657
17.000000	-14287744.508345	-0.007810
17.000000	-13386775.286316	-0.027354
17.000000	-13981706.039381	-0.012696
17.000000	-13981706.039381	-0.020839
17.000000	-13681413.844722	-0.020188
17.000000	-13981706.039381	-0.013673
17.000000	-13981706.039381	-0.028657
17.000000	-13681413.844722	-0.008136
17.000000	-13386775.286316	-0.028983
17.000000	-13981706.039381	-0.008136
17.000000	-13981706.039381	-0.027028
17.000000	-12814094.745512	-0.014325
17.000000	-13981706.039381	-0.019862
17.000000	-12535873.666252	-0.022142
17.000000	-13981706.039381	-0.012045
17.000000	-13981706.039381	-0.028331
17.000000	-13386775.286316	-0.008136
17.000000	-13097698.972691	-0.028657
17.000000	-14287744.508345	-0.013347
17.000000	-14287744.508345	-0.014976
17.000000	-13097698.972691	-0.024422
17.000000	-13097698.972691	-0.015302
17.000000	-13981706.039381	-0.026051
17.000000	-13981706.039381	-0.009439
17.000000	-13386775.286316	-0.030611
17.000000	-13981706.039381	-0.009113
17.000000	-13981706.039381	-0.026703
17.000000	-13386775.286316	-0.016931
17.000000	-13097698.972691	-0.019862
17.000000	-13981706.039381	-0.025074
17.000000	-13681413.844722	-0.010416
17.000000	-12535873.666252	-0.030286
17.000000	-13097698.972691	-0.010742
17.000000	-13981706.039381	-0.025400
17.000000	-13981706.039381	-0.016605
17.000000	-13981706.039381	-0.016931
17.000000	-13981706.039381	-0.025400
17.000000	-14287744.508345	-0.010090
17.000000	-14599623.149795	-0.030937
17.000000	-14287744.508345	-0.009113
17.000000	-13981706.039381	-0.028331
17.000000	-13386775.286316	-0.013347
17.000000	-13386775.286316	-0.010416
17.000000	-13981706.039381	-0.030611
17.000000	-13681413.844722	-0.010742
17.000000	-13681413.844722	-0.028657
17.000000	-13097698.972691	-0.013999
17.000000	-13097698.972691	-0.021817
17.000000	-13981706.039381	-0.021165
17.000000	-13681413.844722	-0.013673
17.000000	-13981706.039381	-0.028657
17.000000	-13681413.844722	-0.008787
17.000000	-12535873.666252	-0.030286
17.000000	-14287744.508345	-0.011067
17.000000	-13386775.286316	-0.013999
17.000000	-14599623.149795	-0.028005
17.000000	-14287744.508345	-0.015302
17.000000	-13386775.286316	-0.028657
17.000000	-13097698.972691	-0.009439
17.000000	-14287744.508345	-0.030286
17.000000	-13681413.844722	-0.010416
17.000000	-13097698.972691	-0.026051
17.000000	-13981706.039381	-0.016931
17.000000	-14599623.149795	-0.017256
17.000000	-14287744.508345	-0.024748
17.000000	-12814094.745512	-0.009764
17.000000	-13386775.286316	-0.029308
17.000000	-13097698.972691	-0.009764
17.000000	-14287744.508345	-0.030286
17.000000	-13097698.972691	-0.009764
17.000000	-14917437.135701	-0.026377
17.000000	-14599623.149795	-0.015302
17.000000	-12814094.745512	-0.018559
17.000000	-14599623.149795	-0.024097
17.000000	-14599623.149795	-0.012045
17.000000	-13097698.972691	-0.029308
17.000000	-13681413.844722	-0.008461
17.000000	-13981706.039381	-0.018233
17.000000	-12535873.666252	-0.025725
17.000000	-13097698.972691	-0.020514
17.000000	-14287744.508345	-0.013673
17.000000	-13386775.286316	-0.027354
17.000000	-14599623.149795	-0.008461
17.000000	-14599623.149795	-0.029308
17.000000	-13981706.039381	-0.009113
17.000000	-14599623.149795	-0.025400
17.000000	-13386775.286316	-0.017256
17.000000	-13681413.844722	-0.017256
17.000000	-15241282.925595	-0.024748
17.000000	-13981706.039381	-0.015953
17.000000	-13386775.286316	-0.020514
17.000000	-14917437.135701	-0.009113
17.000000	-14287744.508345	-0.015302
17.000000	-13981706.039381	-0.023445
17.000000	-14917437.135701	-0.009439
17.000000	-13681413.844722	-0.028657
17.000000	-14287744.508345	-0.008136
17.000000	-14599623.149795	-0.026377
17.000000	-14599623.149795	-0.014976
17.000000	-14287744.508345	-0.018885
17.000000	-14599623.149795	-0.023445
17.000000	-13981706.039381	-0.010090
17.000000	-13681413.844722	-0.029308
17.000000	-14287744.508345	-0.009113
17.000000	-13981706.039381	-0.030286
17.000000	-13981706.039381	-0.012696
17.000000	-13681413.844722	-0.023119
17.000000	-14599623.149795	-0.020188
17.000000	-14917437.135701	-0.012370
17.000000	-15241282.925595	-0.028331
17.000000	-13386775.286316	-0.008787
17.000000	-15571258.280451	-0.028657
17.000000	-13981706.039381	-0.012370
17.000000	-14287744.508345	-0.011719
17.000000	-13981706.039381	-0.030611
17.000000	-14917437.135701	-0.010742
17.000000	-13981706.039381	-0.030937
17.000000	-14287744.508345	-0.010416
17.000000	-15241282.925595	-0.026377
17.000000	-14599623.149795	-0.016279
17.000000	-13981706.039381	-0.017908
17.000000	-14287744.508345	-0.024422
17.000000	-14599623.149795	-0.011067
17.000000	-14599623.149795	-0.029634
17.000000	-14287744.508345	-0.009113
17.000000	-13681413.844722	-0.029960
17.000000	-13981706.039381	-0.008787
17.000000	-14287744.508345	-0.029960
17.000000	-14917437.135701	-0.008787
17.000000	-13981706.039381	-0.026703
17.000000	-13981706.039381	-0.014976
17.000000	-14599623.149795	-0.019536
17.000000	-14599623.149795	-0.023771
17.000000	-14599623.149795	-0.012370
17.000000	-15241282.925595	-0.028331
17.000000	-14599623.149795	-0.008461
17.000000	-13386775.286316	-0.028983
17.000000	-13681413.844722	-0.012370
17.000000	-14917437.135701	-0.027354
17.000000	-13386775.286316	-0.014325
17.000000	-13681413.844722	-0.020839
17.000000	-13981706.039381	-0.022142
17.000000	-14599623.149795	-0.012370
17.000000	-14287744.508345	-0.028331
17.000000	-13981706.039381	-0.008136
17.000000	-13386775.286316	-0.029308
17.000000	-13981706.039381	-0.011719
17.000000	-14917437.135701	-0.024422
17.000000	-14917437.135701	-0.023771
17.000000	-13981706.039381	-0.011719
17.000000	-14287744.508345	-0.023771
17.000000	-14599623.149795	-0.012370
17.000000	-14287744.508345	-0.028005
17.000000	-13981706.039381	-0.008787
17.000000	-13681413.844722	-0.028657
17.000000	-13981706.039381	-0.013022
17.000000	-15571258.280451	-0.021165
17.000000	-14917437.135701	-0.021165
17.000000	-13981706.039381	-0.013347
17.000000	-13386775.286316	-0.027680
17.000000	-14917437.135701	-0.009113
17.000000	-14917437.135701	-0.022794
17.000000	-13681413.844722	-0.015628
17.000000	-13981706.039381	-0.020514
17.000000	-13386775.286316	-0.024422
17.000000	-14917437.135701	-0.012696
17.000000	-14917437.135701	-0.029308
17.000000	-14287744.508345	-0.009439
17.000000	-14917437.135701	-0.029308
17.000000	-14917437.135701	-0.012045
17.000000	-13681413.844722	-0.022794
17.000000	-14599623.149795	-0.020514
17.000000	-14917437.135701	-0.011719
17.000000	-13681413.844722	-0.029960
17.000000	-14287744.508345	-0.010416
17.000000	-14287744.508345	-0.028331
17.000000	-15571258.280451	-0.014650
17.000000	-14599623.149795	-0.020188
17.000000	-14287744.508345	-0.022142
17.000000	-14917437.135701	-0.013022
17.000000	-13981706.039381	-0.028657
17.000000	-14287744.508345	-0.009113
17.000000	-14599623.149795	-0.029308
17.000000	-13681413.844722	-0.013347
17.000000	-14287744.508345	-0.018885
17.000000	-13981706.039381	-0.020188
17.000000	-13386775.286316	-0.021817
17.000000	-15241282.925595	-0.022142
17.000000	-15241282.925595	-0.013347
17.000000	-14917437.135701	-0.028331
17.000000	-14917437.135701	-0.008136
17.000000	-14599623.149795	-0.029634
17.000000	-14599623.149795	-0.010416
17.000000	-13981706.039381	-0.019862
17.000000	-14287744.508345	-0.016279
17.000000	-15241282.925595	-0.012045
17.000000	-15241282.925595	-0.029634
17.000000	-14287744.508345	-0.009113
17.000000	-13981706.039381	-0.029634
17.000000	-14917437.135701	-0.009439
17.000000	-13981706.039381	-0.028983
17.000000	-15907462.276679	-0.010742
17.000000	-15571258.280451	-0.025725
17.000000	-14917437.135701	-0.017582
17.000000	-14599623.149795	-0.019211
17.000000	-13981706.039381	-0.019862
17.000000	-14917437.135701	-0.013999
17.000000	-14917437.135701	-0.027680
17.000000	-14917437.135701	-0.019536
17.000000	-15241282.925595	-0.023771
17.000000	-14917437.135701	-0.023445
17.000000	-14917437.135701	-0.013022
17.000000	-15571258.280451	-0.028657
17.000000	-14287744.508345	-0.009439
17.000000	-14917437.135701	-0.028983
17.000000	-14287744.508345	-0.011719
17.000000	-13981706.039381	-0.023119
17.000000	-15241282.925595	-0.019536
17.000000	-13981706.039381	-0.014325
17.000000	-14599623.149795	-0.029634
17.000000	-14917437.135701	-0.010742
17.000000	-14287744.508345	-0.026703
17.000000	-14287744.508345	-0.012696
17.000000	-15241282.925595	-0.020839
17.000000	-15571258.280451	-0.021165
17.000000	-16249995.320235	-0.013022
17.000000	-14917437.135701	-0.028331
17.000000	-14599623.149795	-0.009439
17.000000	-14599623.149795	-0.028983
17.000000	-13981706.039381	-0.013347
17.000000	-14287744.508345	-0.019211
17.000000	-15241282.925595	-0.025074
17.000000	-13386775.286316	-0.011719
17.000000	-14599623.149795	-0.022468
17.000000	-14287744.508345	-0.022142
17.000000	-14917437.135701	-0.013999
17.000000	-14599623.149795	-0.028005
17.000000	-15241282.925595	-0.009113
17.000000	-14917437.135701	-0.028983
17.000000	-14599623.149795	-0.010742
17.000000	-14287744.508345	-0.025725
17.000000	-14287744.508345	-0.018559
17.000000	-13681413.844722	-0.018559
17.000000	-14599623.149795	-0.029634
17.000000	-14917437.135701	-0.010416
17.000000	-14599623.149795	-0.028331
17.000000	-14599623.149795	-0.015628
17.000000	-15571258.280451	-0.019536
17.000000	-14917437.135701	-0.023119
17.000000	-14599623.149795	-0.012045
17.000000	-14917437.135701	-0.028657
17.000000	-15907462.276679	-0.009113
17.000000	-14599623.149795	-0.028331
17.000000	-14599623.149795	-0.011719
17.000000	-14599623.149795	-0.020514
17.000000	-15241282.925595	-0.025725
17.000000	-13981706.039381	-0.012045
17.000000	-14599623.149795	-0.026051
17.000000	-14917437.135701	-0.013999
17.000000	-15241282.925595	-0.026703
17.000000	-14917437.135701	-0.009113
17.000000	-14917437.135701	-0.029308
17.000000	-14917437.135701	-0.010090
17.000000	-14599623.149795	-0.025725
17.000000	-13681413.844722	-0.017256
17.000000	-14917437.135701	-0.017582
17.000000	-16249995.320235	-0.027028
17.000000	-15241282.925595	-0.010090
17.000000	-14917437.135701	-0.028657
17.000000	-14599623.149795	-0.009439
17.000000	-14599623.149795	-0.028331
17.000000	-14917437.135701	-0.013022
17.000000	-14287744.508345	-0.020839
17.000000	-14917437.135701	-0.021817
17.000000	-15907462.276679	-0.012045
17.000000	-14917437.135701	-0.028331
17.000000	-14599623.149795	-0.009764
17.000000	-13681413.844722	-0.029634
17.000000	-14917437.135701	-0.013673
17.000000	-15241282.925595	-0.012370
17.000000	-13981706.039381	-0.027680
17.000000	-14917437.135701	-0.014325
17.000000	-15571258.280451	-0.028657
17.000000	-14599623.149795	-0.009439
17.000000	-14599623.149795	-0.029960
17.000000	-14599623.149795	-0.011393
17.000000	-15571258.280451	-0.023445
17.000000	-15571258.280451	-0.018559
17.000000	-14917437.135701	-0.015628
17.000000	-15241282.925595	-0.026377
17.000000	-13981706.039381	-0.009113
17.000000	-14917437.135701	-0.026703
17.000000	-13981706.039381	-0.012370
17.000000	-15241282.925595	-0.028983
17.000000	-13681413.844722	-0.013999
17.000000	-14917437.135701	-0.021491
17.000000	-16249995.320235	-0.021491
17.000000	-15241282.925595	-0.014325
17.000000	-15907462.276679	-0.028657
17.000000	-14599623.149795	-0.009439
17.000000	-14917437.135701	-0.029960
17.000000	-15571258.280451	-0.010416
17.000000	-14599623.149795	-0.023771
17.000000	-13386775.286316	-0.020514
17.000000	-15571258.280451	-0.017582
17.000000	-13981706.039381	-0.017582
17.000000	-16598959.160835	-0.015628
17.000000	-15241282.925595	-0.028331
17.000000	-15571258.280451	-0.008787
17.000000	-15907462.276679	-0.027028
17.000000	-14917437.135701	-0.014650
17.000000	-15241282.925595	-0.018885
17.000000	-15907462.276679	-0.023445
17.000000	-16249995.320235	-0.012045
17.000000	-14599623.149795	-0.029634
17.000000	-14599623.149795	-0.011067
17.000000	-14599623.149795	-0.028983
17.000000	-13981706.039381	-0.009764
17.000000	-15907462.276679	-0.027028
17.000000	-15241282.925595	-0.015628
17.000000	-15571258.280451	-0.019862
17.000000	-15241282.925595	-0.023771
17.000000	-14917437.135701	-0.012045
17.000000	-14917437.135701	-0.029308
17.000000	-15241282.925595	-0.008136
17.000000	-15571258.280451	-0.029308
17.000000	-15907462.276679	-0.016605
17.000000	-16598959.160835	-0.016605
17.000000	-16249995.320235	-0.020514
17.000000	-15571258.280451	-0.018559
17.000000	-15241282.925595	-0.023119
17.000000	-15241282.925595	-0.010742
17.000000	-16249995.320235	-0.028983
17.000000	-15241282.925595	-0.010090
17.000000	-15907462.276679	-0.028005
17.000000	-14917437.135701	-0.014976
17.000000	-15241282.925595	-0.020188
17.000000	-15241282.925595	-0.025074
17.000000	-14599623.149795	-0.009113
17.000000	-14917437.135701	-0.029308
17.000000	-14599623.149795	-0.010416
17.000000	-16249995.320235	-0.029308
17.000000	-15907462.276679	-0.009439
17.000000	-15571258.280451	-0.027680
17.000000	-15907462.276679	-0.014650
17.000000	-14917437.135701	-0.020514
17.000000	-15241282.925595	-0.023119
17.000000	-15571258.280451	-0.012696
17.000000	-15241282.925595	-0.029960
17.000000	-14287744.508345	-0.009764
17.000000	-15571258.280451	-0.026051
17.000000	-14917437.135701	-0.017582
17.000000	-16249995.320235	-0.022142
17.000000	-15241282.925595	-0.019862
17.000000	-16598959.160835	-0.014650
17.000000	-15241282.925595	-0.028005
17.000000	-14917437.135701	-0.009113
17.000000	-16598959.160835	-0.028983
17.000000	-14599623.149795	-0.013347
17.000000	-14917437.135701	-0.022794
17.000000	-15571258.280451	-0.020188
17.000000	-14917437.135701	-0.012045
17.000000	-15571258.280451	-0.028657
17.000000	-14917437.135701	-0.009764
17.000000	-14287744.508345	-0.028331
17.000000	-15241282.925595	-0.011067
17.000000	-15571258.280451	-0.024748
17.000000	-15571258.280451	-0.017908
17.000000	-15571258.280451	-0.017908
17.000000	-15241282.925595	-0.025074
17.000000	-16598959.160835	-0.011719
17.000000	-15241282.925595	-0.028331
17.000000	-15241282.925595	-0.011067
17.000000	-15241282.925595	-0.025400
17.000000	-15241282.925595	-0.019862
17.000000	-15571258.280451	-0.019862
17.000000	-14287744.508345	-0.017582
17.000000	-15907462.276679	-0.017582
17.000000	-15241282.925595	-0.023771
17.000000	-15907462.276679	-0.012370
17.000000	-15241282.925595	-0.028657
17.000000	-15571258.280451	-0.009439
17.000000	-16249995.320235	-0.026703
17.000000	-15241282.925595	-0.014976
17.000000	-14599623.149795	-0.020188
17.000000	-14287744.508345	-0.024748
17.000000	-16249995.320235	-0.013347
17.000000	-14917437.135701	-0.025400
17.000000	-14917437.135701	-0.013347
17.000000	-16598959.160835	-0.028331
17.000000	-15907462.276679	-0.010416
17.000000	-15241282.925595	-0.027028
17.000000	-15571258.280451	-0.014976
17.000000	-15241282.925595	-0.020839
17.000000	-16598959.160835	-0.021817
17.000000	-16249995.320235	-0.013022
17.000000	-15571258.280451	-0.028005
17.000000	-15907462.276679	-0.010090
17.000000	-15241282.925595	-0.021491
17.000000	-15241282.925595	-0.018559
17.000000	-15907462.276679	-0.023771
17.000000	-15907462.276679	-0.019862
17.000000	-14917437.135701	-0.015953
17.000000	-16249995.320235	-0.027028
17.000000	-14287744.508345	-0.010742
17.000000	-14599623.149795	-0.030611
17.000000	-15241282.925595	-0.013999
17.000000	-16249995.320235	-0.021491
17.000000	-15241282.925595	-0.021165
17.000000	-15241282.925595	-0.010742
17.000000	-14917437.135701	-0.030611
17.000000	-15907462.276679	-0.010742
17.000000	-15907462.276679	-0.028657
17.000000	-14917437.135701	-0.009113
17.000000	-16249995.320235	-0.029960
17.000000	-14917437.135701	-0.010742
17.000000	-16249995.320235	-0.023771
17.000000	-15571258.280451	-0.018233
17.000000	-16249995.320235	-0.015953
17.000000	-15907462.276679	-0.027028
17.000000	-15571258.280451	-0.009764
17.000000	-15241282.925595	-0.030937
17.000000	-16249995.320235	-0.009113
17.000000	-15241282.925595	-0.029634
17.000000	-16598959.160835	-0.011067
17.000000	-15907462.276679	-0.024422
17.000000	-14917437.135701	-0.019211
17.000000	-15571258.280451	-0.016931
17.000000	-15907462.276679	-0.025725
17.000000	-16598959.160835	-0.010416
17.000000	-16598959.160835	-0.030286
17.000000	-15571258.280451	-0.010090
17.000000	-15241282.925595	-0.027680
17.000000	-16598959.160835	-0.018559
17.000000	-15907462.276679	-0.019211
17.000000	-16598959.160835	-0.018885
17.000000	-16249995.320235	-0.016931
17.000000	-15907462.276679	-0.026703
17.000000	-15571258.280451	-0.010416
17.000000	-15241282.925595	-0.029960
17.000000	-15571258.280451	-0.010416
17.000000	-15571258.280451	-0.027028
17.000000	-16249995.320235	-0.014325
17.000000	-16249995.320235	-0.018885
17.000000	-15907462.276679	-0.023445
17.000000	-15571258.280451	-0.011719
17.000000	-14917437.135701	-0.026703
17.000000	-14599623.149795	-0.013999
17.000000	-16598959.160835	-0.028005
17.000000	-16249995.320235	-0.009113
17.000000	-15571258.280451	-0.030611
17.000000	-17316593.036961	-0.009439
17.000000	-15241282.925595	-0.027680
17.000000	-15571258.280451	-0.020514
17.000000	-15241282.925595	-0.013347
17.000000	-15571258.280451	-0.028331
17.000000	-15907462.276679	-0.008787
17.000000	-15907462.276679	-0.028005
17.000000	-14917437.135701	-0.014325
17.000000	-14599623.149795	-0.027354
17.000000	-15571258.280451	-0.016279
17.000000	-15241282.925595	-0.017908
17.000000	-17316593.036961	-0.026377
17.000000	-15571258.280451	-0.010416
17.000000	-15907462.276679	-0.030286
17.000000	-16598959.160835	-0.010090
17.000000	-15241282.925595	-0.028005
17.000000	-14599623.149795	-0.014976
17.000000	-15571258.280451	-0.017256
17.000000	-14599623.149795	-0.028657
17.000000	-15571258.280451	-0.008787
17.000000	-15241282.925595	-0.030611
17.000000	-14599623.149795	-0.009439
17.000000	-15907462.276679	-0.029634
17.000000	-15907462.276679	-0.012045
17.000000	-15907462.276679	-0.022794
17.000000	-15571258.280451	-0.020839
17.000000	-15571258.280451	-0.014325
17.000000	-15571258.280451	-0.027680
17.000000	-15571258.280451	-0.009113
17.000000	-15907462.276679	-0.029634
17.000000	-15907462.276679	-0.010090
17.000000	-16249995.320235	-0.028983
17.000000	-14917437.135701	-0.012370
17.000000	-15241282.925595	-0.022794
17.000000	-16598959.160835	-0.021165
17.000000	-15241282.925595	-0.015302
17.000000	-15907462.276679	-0.027028
17.000000	-14599623.149795	-0.009113
17.000000	-16249995.320235	-0.029960
17.000000	-16598959.160835	-0.010416
17.000000	-14599623.149795	-0.025400
17.000000	-15907462.276679	-0.017582
17.000000	-15241282.925595	-0.010416
17.000000	-15571258.280451	-0.030611
17.000000	-16249995.320235	-0.010090
17.000000	-16249995.320235	-0.030611
17.000000	-15571258.280451	-0.009439
17.000000	-15571258.280451	-0.028331
17.000000	-15907462.276679	-0.014650
17.000000	-15907462.276679	-0.020188
17.000000	-17316593.036961	-0.024097
17.000000	-15571258.280451	-0.013347
17.000000	-15907462.276679	-0.029634
17.000000	-16954456.906291	-0.013022
17.000000	-16249995.320235	-0.025725
17.000000	-15907462.276679	-0.013022
17.000000	-14917437.135701	-0.025400
17.000000	-15907462.276679	-0.021491
17.000000	-15907462.276679	-0.015302
17.000000	-16598959.160835	-0.028005
17.000000	-16249995.320235	-0.009113
17.000000	-15907462.276679	-0.032566
17.000000	-16598959.160835	-0.011719
17.000000	-15571258.280451	-0.026377
17.000000	-16249995.320235	-0.017582
17.000000	-16598959.160835	-0.013347
17.000000	-16249995.320235	-0.030286
17.000000	-15907462.276679	-0.009764
17.000000	-16954456.906291	-0.030286
17.000000	-14917437.135701	-0.009764
17.000000	-15571258.280451	-0.027354
17.000000	-15571258.280451	-0.014650
17.000000	-16598959.160835	-0.020839
17.000000	-15907462.276679	-0.023119
17.000000	-17316593.036961	-0.011719
17.000000	-14917437.135701	-0.028657
17.000000	-15571258.280451	-0.008461
17.000000	-15241282.925595	-0.026703
17.000000	-16249995.320235	-0.020514
17.000000	-15241282.925595	-0.019211
17.000000	-14917437.135701	-0.022468
17.000000	-16598959.160835	-0.011719
17.000000	-16598959.160835	-0.028657
17.000000	-15571258.280451	-0.010090
17.000000	-16598959.160835	-0.029960
17.000000	-15907462.276679	-0.012045
17.000000	-16598959.160835	-0.023119
17.000000	-15907462.276679	-0.020514
17.000000	-15907462.276679	-0.015302
17.000000	-14917437.135701	-0.028005
17.000000	-15571258.280451	-0.009439
17.000000	-15571258.280451	-0.030937
17.000000	-16249995.320235	-0.009439
17.000000	-15907462.276679	-0.028657
17.000000	-16598959.160835	-0.017256
17.000000	-15571258.280451	-0.019862
17.000000	-15241282.925595	-0.022468
17.000000	-16598959.160835	-0.012370
17.000000	-15907462.276679	-0.029960
17.000000	-16249995.320235	-0.009439
17.000000	-15907462.276679	-0.020839
17.000000	-16954456.906291	-0.029308
17.000000	-15571258.280451	-0.008461
17.000000	-15571258.280451	-0.030286
17.000000	-15241282.925595	-0.010090
17.000000	-15907462.276679	-0.025074
17.000000	-16598959.160835	-0.016605
17.000000	-15241282.925595	-0.017256
17.000000	-15241282.925595	-0.024748
17.000000	-15907462.276679	-0.010742
17.000000	-16598959.160835	-0.029960
17.000000	-16249995.320235	-0.009113
17.000000	-15571258.280451	-0.027680
17.000000	-15241282.925595	-0.016605
17.000000	-15907462.276679	-0.021817
17.000000	-15907462.276679	-0.019536
17.000000	-14599623.149795	-0.013999
17.000000	-15571258.280451	-0.026703
17.000000	-17316593.036961	-0.008787
17.000000	-16249995.320235	-0.029960
17.000000	-16249995.320235	-0.010416
17.000000	-16598959.160835	-0.026051
17.000000	-17316593.036961	-0.016605
17.000000	-14917437.135701	-0.016605
17.000000	-16249995.320235	-0.029308
17.000000	-15571258.280451	-0.009439
17.000000	-16954456.906291	-0.029308
17.000000	-15241282.925595	-0.008787
17.000000	-15907462.276679	-0.029308
17.000000	-16598959.160835	-0.011719
17.000000	-15907462.276679	-0.024422
17.000000	-16249995.320235	-0.020188
17.000000	-15571258.280451	-0.015302
17.000000	-17685473.420306	-0.028005
17.000000	-16598959.160835	-0.009764
17.000000	-17316593.036961	-0.029960
17.000000	-16598959.160835	-0.012045
17.000000	-15571258.280451	-0.013673
17.000000	-15907462.276679	-0.028005
17.000000	-16598959.160835	-0.016279
17.000000	-16249995.320235	-0.027028
17.000000	-16598959.160835	-0.009439
17.000000	-16249995.320235	-0.030611
17.000000	-15907462.276679	-0.010742
17.000000	-15571258.280451	-0.026051
17.000000	-16598959.160835	-0.016931
17.000000	-17316593.036961	-0.017908
17.000000	-17316593.036961	-0.024748
17.000000	-15907462.276679	-0.010090
17.000000	-15907462.276679	-0.027028
17.000000	-15571258.280451	-0.013022
17.000000	-16249995.320235	-0.028657
17.000000	-15907462.276679	-0.013999
17.000000	-16249995.320235	-0.020839
17.000000	-17316593.036961	-0.023119
17.000000	-16598959.160835	-0.012696
17.000000	-16598959.160835	-0.029634
17.000000	-15907462.276679	-0.009113
17.000000	-15571258.280451	-0.029960
17.000000	-16249995.320235	-0.012045
17.000000	-16249995.320235	-0.020839
17.000000	-14917437.135701	-0.025074
17.000000	-16598959.160835	-0.016279
17.000000	-16598959.160835	-0.017256
17.000000	-16249995.320235	-0.026051
17.000000	-16598959.160835	-0.011393
17.000000	-16249995.320235	-0.029960
17.000000	-16249995.320235	-0.010742
17.000000	-16249995.320235	-0.026377
17.000000	-17316593.036961	-0.017908
17.000000	-16598959.160835	-0.018233
17.000000	-16249995.320235	-0.027354
17.000000	-16598959.160835	-0.014325
17.000000	-16249995.320235	-0.026051
17.000000	-16598959.160835	-0.015953
17.000000	-15907462.276679	-0.016605
17.000000	-14917437.135701	-0.024748
17.000000	-15241282.925595	-0.009764
17.000000	-16249995.320235	-0.029308
17.000000	-15571258.280451	-0.008461
17.000000	-15907462.276679	-0.028005
17.000000	-16954456.906291	-0.013999
17.000000	-16249995.320235	-0.019862
17.000000	-16249995.320235	-0.023119
17.000000	-15907462.276679	-0.010742
17.000000	-16598959.160835	-0.027680
17.000000	-15571258.280451	-0.013347
17.000000	-15907462.276679	-0.029308
17.000000	-16954456.906291	-0.008787
17.000000	-16598959.160835	-0.029308
17.000000	-15907462.276679	-0.012045
17.000000	-16954456.906291	-0.023445
17.000000	-15907462.276679	-0.020188
17.000000	-15907462.276679	-0.014325
17.000000	-14599623.149795	-0.027028
17.000000	-16598959.160835	-0.013347
17.000000	-14917437.135701	-0.031263
17.000000	-16598959.160835	-0.009764
17.000000	-17316593.036961	-0.030611
17.000000	-15907462.276679	-0.010742
17.000000	-15241282.925595	-0.026377
17.000000	-15907462.276679	-0.017582
17.000000	-16954456.906291	-0.018233
17.000000	-15571258.280451	-0.026051
17.000000	-15907462.276679	-0.011067
17.000000	-16954456.906291	-0.029960
17.000000	-15907462.276679	-0.010090
17.000000	-15907462.276679	-0.023771
17.000000	-16954456.906291	-0.021165
17.000000	-17316593.036961	-0.019862
17.000000	-16249995.320235	-0.018233
17.000000	-16954456.906291	-0.017908
17.000000	-16598959.160835	-0.025725
17.000000	-16954456.906291	-0.011393
17.000000	-16249995.320235	-0.029960
17.000000	-16954456.906291	-0.009439
17.000000	-16954456.906291	-0.027680
17.000000	-18061205.325570	-0.014650
17.000000	-16249995.320235	-0.020514
17.000000	-16954456.906291	-0.025725
17.000000	-16249995.320235	-0.009764
17.000000	-17316593.036961	-0.029308
17.000000	-18443897.438573	-0.009113
17.000000	-15241282.925595	-0.029634
17.000000	-18443897.438573	-0.012696
17.000000	-15907462.276679	-0.022794
17.000000	-16249995.320235	-0.020839
17.000000	-16249995.320235	-0.014325
17.000000	-16249995.320235	-0.027028
17.000000	-15241282.925595	-0.009113
17.000000	-16598959.160835	-0.029960
17.000000	-15571258.280451	-0.019862
17.000000	-16954456.906291	-0.010742
17.000000	-18061205.325570	-0.028331
17.000000	-16249995.320235	-0.009764
17.000000	-16598959.160835	-0.029960
17.000000	-15907462.276679	-0.011393
17.000000	-15907462.276679	-0.026051
17.000000	-15241282.925595	-0.017582
17.000000	-16249995.320235	-0.016931
17.000000	-15907462.276679	-0.025725
17.000000	-16249995.320235	-0.010742
17.000000	-16249995.320235	-0.029960
17.000000	-16598959.160835	-0.011393
17.000000	-14917437.135701	-0.030611
17.000000	-15571258.280451	-0.012696
17.000000	-16249995.320235	-0.023119
17.000000	-15907462.276679	-0.016931
17.000000	-16598959.160835	-0.016605
17.000000	-16249995.320235	-0.026051
17.000000	-16598959.160835	-0.009764
17.000000	-16598959.160835	-0.029960
17.000000	-16249995.320235	-0.009439
17.000000	-16598959.160835	-0.027354
17.000000	-15571258.280451	-0.017908
17.000000	-16598959.160835	-0.013347
17.000000	-15241282.925595	-0.027028
17.000000	-16598959.160835	-0.014325
17.000000	-15241282.925595	-0.027680
17.000000	-16249995.320235	-0.009439
17.000000	-16249995.320235	-0.029634
17.000000	-16954456.906291	-0.013347
17.000000	-17685473.420306	-0.021491
17.000000	-15907462.276679	-0.021165
17.000000	-16249995.320235	-0.013999
17.000000	-16249995.320235	-0.028331
17.000000	-15907462.276679	-0.009113
17.000000	-17316593.036961	-0.028657
17.000000	-15907462.276679	-0.013347
17.000000	-16598959.160835	-0.027028
17.000000	-16598959.160835	-0.015628
17.000000	-16954456.906291	-0.018559
17.000000	-17316593.036961	-0.024097
17.000000	-16249995.320235	-0.011393
17.000000	-16598959.160835	-0.029634
17.000000	-16249995.320235	-0.009764
17.000000	-16249995.320235	-0.028005
17.000000	-16249995.320235	-0.013673
17.000000	-16598959.160835	-0.022142
17.000000	-16954456.906291	-0.022468
17.000000	-15907462.276679	-0.018559
17.000000	-16598959.160835	-0.023771
17.000000	-16598959.160835	-0.011067
17.000000	-16598959.160835	-0.029634
17.000000	-16249995.320235	-0.009113
17.000000	-16954456.906291	-0.028331
17.000000	-16598959.160835	-0.013347
17.000000	-16249995.320235	-0.021817
17.000000	-17316593.036961	-0.023119
17.000000	-16598959.160835	-0.013999
17.000000	-16249995.320235	-0.029960
17.000000	-15571258.280451	-0.010090
17.000000	-16954456.906291	-0.028983
17.000000	-16954456.906291	-0.009113
17.000000	-15907462.276679	-0.028331
17.000000	-15907462.276679	-0.013999
17.000000	-15907462.276679	-0.020188
17.000000	-16598959.160835	-0.023119
17.000000	-16249995.320235	-0.013022
17.000000	-15907462.276679	-0.028983
17.000000	-16249995.320235	-0.009439
17.000000	-16249995.320235	-0.029634
17.000000	-17316593.036961	-0.013999
17.000000	-17685473.420306	-0.011719
17.000000	-16598959.160835	-0.030611
17.000000	-17316593.036961	-0.012696
17.000000	-16954456.906291	-0.023445
17.000000	-16249995.320235	-0.019862
17.000000	-15241282.925595	-0.015302
17.000000	-16598959.160835	-0.028005
17.000000	-16249995.320235	-0.010416
17.000000	-16954456.906291	-0.029634
17.000000	-15907462.276679	-0.011719
17.000000	-16598959.160835	-0.026377
17.000000	-16249995.320235	-0.016931
17.000000	-16598959.160835	-0.012370
17.000000	-16249995.320235	-0.028983
17.000000	-16598959.160835	-0.010416
17.000000	-16249995.320235	-0.029634
17.000000	-17316593.036961	-0.011067
17.000000	-15241282.925595	-0.026377
17.000000	-16598959.160835	-0.016279
17.000000	-16249995.320235	-0.017908
17.000000	-15241282.925595	-0.028983
17.000000	-16954456.906291	-0.008461
17.000000	-16598959.160835	-0.028331
17.000000	-16249995.320235	-0.021817
17.000000	-16954456.906291	-0.012045
17.000000	-17316593.036961	-0.028983
17.000000	-16598959.160835	-0.008461
17.000000	-15241282.925595	-0.028983
17.000000	-16598959.160835	-0.012696
17.000000	-15907462.276679	-0.022468
17.000000	-16249995.320235	-0.020514
17.000000	-16954456.906291	-0.015302
17.000000	-16954456.906291	-0.028331
17.000000	-16249995.320235	-0.010090
17.000000	-16249995.320235	-0.028657
17.000000	-16954456.906291	-0.014976
17.000000	-16598959.160835	-0.024748
17.000000	-15907462.276679	-0.016931
17.000000	-16598959.160835	-0.017582
17.000000	-15907462.276679	-0.026051
17.000000	-15907462.276679	-0.010416
17.000000	-16598959.160835	-0.030611
17.000000	-16954456.906291	-0.010090
17.000000	-16598959.160835	-0.028657
17.000000	-15907462.276679	-0.015953
17.000000	-17316593.036961	-0.020514
17.000000	-15907462.276679	-0.025725
17.000000	-16249995.320235	-0.009439
17.000000	-15241282.925595	-0.030286
17.000000	-16598959.160835	-0.009439
17.000000	-16249995.320235	-0.028657
17.000000	-16598959.160835	-0.013347
17.000000	-16954456.906291	-0.023119
17.000000	-16954456.906291	-0.019862
17.000000	-16249995.320235	-0.014325
17.000000	-15571258.280451	-0.027680
17.000000	-16249995.320235	-0.009113
17.000000	-15907462.276679	-0.029960
17.000000	-15241282.925595	-0.011067
17.000000	-16598959.160835	-0.015953
17.000000	-16598959.160835	-0.024748
17.000000	-15241282.925595	-0.013347
17.000000	-16954456.906291	-0.030286
17.000000	-16249995.320235	-0.009764
17.000000	-16598959.160835	-0.028983
17.000000	-17316593.036961	-0.013999
17.000000	-16598959.160835	-0.022794
17.000000	-17685473.420306	-0.021817
17.000000	-16954456.906291	-0.014650
17.000000	-16598959.160835	-0.028331
17.000000	-16598959.160835	-0.009439
17.000000	-15907462.276679	-0.014325
17.000000	-16249995.320235	-0.028331
17.000000	-16598959.160835	-0.015302
17.000000	-16598959.160835	-0.028005
17.000000	-16249995.320235	-0.011393
17.000000	-16954456.906291	-0.031263
17.000000	-15907462.276679	-0.010416
17.000000	-17685473.420306	-0.028005
17.000000	-16598959.160835	-0.015953
17.000000	-16598959.160835	-0.019862
17.000000	-16249995.320235	-0.025074
17.000000	-16598959.160835	-0.009764
17.000000	-15907462.276679	-0.027680
17.000000	-16598959.160835	-0.012370
17.000000	-16598959.160835	-0.029960
17.000000	-15571258.280451	-0.014325
17.000000	-14917437.135701	-0.022468
17.000000	-16598959.160835	-0.021491
17.000000	-16954456.906291	-0.013999
17.000000	-16249995.320235	-0.028657
17.000000	-17685473.420306	-0.009764
17.000000	-15571258.280451	-0.029960
17.000000	-15907462.276679	-0.011719
17.000000	-16598959.160835	-0.013022
17.000000	-18443897.438573	-0.031589
17.000000	-16598959.160835	-0.011393
17.000000	-17685473.420306	-0.029634
17.000000	-17316593.036961	-0.010090
17.000000	-15907462.276679	-0.030286
17.000000	-16598959.160835	-0.011719
17.000000	-15907462.276679	-0.025400
17.000000	-16598959.160835	-0.019211
17.000000	-17316593.036961	-0.016605
17.000000	-16954456.906291	-0.027354
17.000000	-16598959.160835	-0.010090
17.000000	-16249995.320235	-0.025725
17.000000	-18061205.325570	-0.019211
17.000000	-15241282.925595	-0.022142
17.000000	-16954456.906291	-0.016931
17.000000	-16598959.160835	-0.019862
17.000000	-17316593.036961	-0.024422
17.000000	-18061205.325570	-0.011719
17.000000	-15241282.925595	-0.030611
17.000000	-16249995.320235	-0.009764
17.000000	-15907462.276679	-0.028983
17.000000	-16598959.160835	-0.013347
17.000000	-16249995.320235	-0.019211
17.000000	-16598959.160835	-0.030611
17.000000	-16954456.906291	-0.010416
17.000000	-16249995.320235	-0.030937
17.000000	-16249995.320235	-0.009113
17.000000	-16249995.320235	-0.029634
17.000000	-16598959.160835	-0.013673
17.000000	-16598959.160835	-0.022794
17.000000	-16598959.160835	-0.022142
17.000000	-17685473.420306	-0.013347
17.000000	-16249995.320235	-0.028657
17.000000	-17685473.420306	-0.009113
17.000000	-15907462.276679	-0.030611
17.000000	-16598959.160835	-0.017908
17.000000	-15907462.276679	-0.020188
17.000000	-16249995.320235	-0.015953
17.000000	-16598959.160835	-0.018559
17.000000	-15907462.276679	-0.025074
17.000000	-15241282.925595	-0.011393
17.000000	-16598959.160835	-0.030611
17.000000	-15907462.276679	-0.008136
17.000000	-16249995.320235	-0.028657
17.000000	-16598959.160835	-0.013673
17.000000	-16598959.160835	-0.020839
17.000000	-17316593.036961	-0.024422
17.000000	-16598959.160835	-0.009113
17.000000	-17685473.420306	-0.030286
17.000000	-15907462.276679	-0.009764
17.000000	-16249995.320235	-0.028983
17.000000	-17316593.036961	-0.009764
17.000000	-16954456.906291	-0.026051
17.000000	-16598959.160835	-0.016931
17.000000	-15571258.280451	-0.018885
17.000000	-17316593.036961	-0.024748
17.000000	-17316593.036961	-0.010742
17.000000	-16249995.320235	-0.030286
17.000000	-16954456.906291	-0.010742
17.000000	-17316593.036961	-0.023771
17.000000	-16249995.320235	-0.015628
17.000000	-16598959.160835	-0.026377
17.000000	-16954456.906291	-0.017582
17.000000	-15907462.276679	-0.017908
17.000000	-16249995.320235	-0.025074
17.000000	-16249995.320235	-0.011719
17.000000	-15907462.276679	-0.030286
17.000000	-17316593.036961	-0.009439
17.000000	-17316593.036961	-0.028005
17.000000	-16249995.320235	-0.014650
17.000000	-17316593.036961	-0.019862
17.000000	-16598959.160835	-0.023771
17.000000	-16598959.160835	-0.017582
17.000000	-15907462.276679	-0.026703
17.000000	-16954456.906291	-0.010090
17.000000	-16598959.160835	-0.029960
17.000000	-16249995.320235	-0.009439
17.000000	-17316593.036961	-0.028005
17.000000	-17316593.036961	-0.014976
17.000000	-16598959.160835	-0.019536
17.000000	-17316593.036961	-0.026377
17.000000	-17316593.036961	-0.011067
17.000000	-15907462.276679	-0.030611
17.000000	-16598959.160835	-0.011393
17.000000	-16598959.160835	-0.030286
17.000000	-16954456.906291	-0.009113
17.000000	-17685473.420306	-0.028983
17.000000	-16249995.320235	-0.012696
17.000000	-17316593.036961	-0.021817
17.000000	-15907462.276679	-0.021491
17.000000	-16249995.320235	-0.014325
17.000000	-15241282.925595	-0.028983
17.000000	-16598959.160835	-0.008461
17.000000	-16598959.160835	-0.030611
17.000000	-17316593.036961	-0.015628
17.000000	-16598959.160835	-0.019211
17.000000	-16954456.906291	-0.020188
17.000000	-17316593.036961	-0.016931
17.000000	-16249995.320235	-0.028331
17.000000	-15571258.280451	-0.009439
17.000000	-16598959.160835	-0.027680
17.000000	-18443897.438573	-0.016605
17.000000	-16249995.320235	-0.019211
17.000000	-16249995.320235	-0.024748
17.000000	-15571258.280451	-0.011067
17.000000	-16954456.906291	-0.030286
17.000000	-16598959.160835	-0.010090
17.000000	-17316593.036961	-0.026377
17.000000	-16954456.906291	-0.012370
17.000000	-17685473.420306	-0.025074
17.000000	-16598959.160835	-0.020839
17.000000	-17316593.036961	-0.014976
17.000000	-16598959.160835	-0.029634
17.000000	-16598959.160835	-0.008787
17.000000	-15907462.276679	-0.028657
17.000000	-17685473.420306	-0.012045
17.000000	-15907462.276679	-0.020839
17.000000	-16598959.160835	-0.025725
17.000000	-17685473.420306	-0.008787
17.000000	-15907462.276679	-0.030611
17.000000	-16598959.160835	-0.009764
17.000000	-15571258.280451	-0.030611
17.000000	-16249995.320235	-0.011067
17.000000	-16249995.320235	-0.023119
17.000000	-16598959.160835	-0.021817
17.000000	-15907462.276679	-0.014650
17.000000	-17685473.420306	-0.028983
17.000000	-16598959.160835	-0.010416
17.000000	-16249995.320235	-0.029634
17.000000	-16249995.320235	-0.011393
17.000000	-15571258.280451	-0.020188
17.000000	-17316593.036961	-0.020188
17.000000	-16954456.906291	-0.017582
17.000000	-15241282.925595	-0.026703
17.000000	-17685473.420306	-0.010416
17.000000	-15907462.276679	-0.030611
17.000000	-17685473.420306	-0.010742
17.000000	-17316593.036961	-0.027028
17.000000	-17316593.036961	-0.016279
17.000000	-17316593.036961	-0.019536
17.000000	-17685473.420306	-0.025400
17.000000	-16598959.160835	-0.010742
17.000000	-16598959.160835	-0.024097
17.000000	-16954456.906291	-0.015302
17.000000	-16954456.906291	-0.022468
17.000000	-16249995.320235	-0.023445
17.000000	-16954456.906291	-0.013022
17.000000	-16249995.320235	-0.029308
17.000000	-17685473.420306	-0.010090
17.000000	-17316593.036961	-0.029960
17.000000	-17685473.420306	-0.013022
17.000000	-16954456.906291	-0.023771
17.000000	-18061205.325570	-0.020188
17.000000	-16598959.160835	-0.014976
17.000000	-16598959.160835	-0.026377
17.000000	-15571258.280451	-0.014976
17.000000	-17316593.036961	-0.026051
17.000000	-16249995.320235	-0.009113
17.000000	-16249995.320235	-0.030286
17.000000	-17316593.036961	-0.010742
17.000000	-16598959.160835	-0.025725
17.000000	-15571258.280451	-0.018559
17.000000	-17316593.036961	-0.016931
17.000000	-17685473.420306	-0.026051
17.000000	-17685473.420306	-0.010416
17.000000	-15907462.276679	-0.029960
17.000000	-17316593.036961	-0.009764
17.000000	-16249995.320235	-0.029634
17.000000	-16598959.160835	-0.010742
17.000000	-16598959.160835	-0.025074
17.000000	-16249995.320235	-0.018885
17.000000	-16598959.160835	-0.016605
17.000000	-16598959.160835	-0.026377
17.000000	-16249995.320235	-0.010090
17.000000	-16954456.906291	-0.030286
17.000000	-17316593.036961	-0.011719
17.000000	-18443897.438573	-0.028005
17.000000	-17316593.036961	-0.019536
17.000000	-16598959.160835	-0.020514
17.000000	-18061205.325570	-0.016279
17.000000	-16249995.320235	-0.014325
17.000000	-16249995.320235	-0.022794
17.000000	-18061205.325570	-0.010416
17.000000	-16249995.320235	-0.029960
17.000000	-16954456.906291	-0.008787
17.000000	-16598959.160835	-0.028005
17.000000	-19230604.203546	-0.014650
17.000000	-16598959.160835	-0.021165
17.000000	-16954456.906291	-0.023445
17.000000	-17685473.420306	-0.010416
17.000000	-17316593.036961	-0.030611
17.000000	-17685473.420306	-0.010416
17.000000	-15907462.276679	-0.030286
17.000000	-15571258.280451	-0.012045
17.000000	-16598959.160835	-0.026377
17.000000	-15907462.276679	-0.018233
17.000000	-16598959.160835	-0.017908
17.000000	-17685473.420306	-0.026051
17.000000	-16598959.160835	-0.010416
17.000000	-14917437.135701	-0.029960
17.000000	-16598959.160835	-0.009764
17.000000	-16954456.906291	-0.018233
17.000000	-16598959.160835	-0.028005
17.000000	-16249995.320235	-0.015953
17.000000	-15907462.276679	-0.028983
17.000000	-16249995.320235	-0.009764
17.000000	-15571258.280451	-0.030286
17.000000	-17316593.036961	-0.011067
17.000000	-18061205.325570	-0.029960
17.000000	-16954456.906291	-0.020514
17.000000	-18061205.325570	-0.017256
17.000000	-16598959.160835	-0.027028
17.000000	-15907462.276679	-0.010416
17.000000	-16598959.160835	-0.027028
17.000000	-16598959.160835	-0.013999
17.000000	-16598959.160835	-0.024748
17.000000	-15907462.276679	-0.020188
17.000000	-16598959.160835	-0.016605
17.000000	-17316593.036961	-0.027680
17.000000	-16249995.320235	-0.010742
17.000000	-16249995.320235	-0.029634
17.000000	-16954456.906291	-0.011067
17.000000	-17316593.036961	-0.025400
17.000000	-18061205.325570	-0.017582
17.000000	-17316593.036961	-0.016605
17.000000	-16598959.160835	-0.028983
17.000000	-15571258.280451	-0.010416
17.000000	-16249995.320235	-0.029308
17.000000	-17316593.036961	-0.009113
17.000000	-16598959.160835	-0.028983
17.000000	-16598959.160835	-0.012045
17.000000	-17685473.420306	-0.024422
17.000000	-17316593.036961	-0.021165
17.000000	-17685473.420306	-0.015302
17.000000	-16249995.320235	-0.029308
17.000000	-16954456.906291	-0.008787
17.000000	-16954456.906291	-0.031589
17.000000	-14917437.135701	-0.013673
17.000000	-18061205.325570	-0.026051
17.000000	-16598959.160835	-0.016279
17.000000	-16598959.160835	-0.017582
17.000000	-16598959.160835	-0.026051
17.000000	-16954456.906291	-0.009113
17.000000	-15571258.280451	-0.031263
17.000000	-15907462.276679	-0.009764
17.000000	-17685473.420306	-0.026377
17.000000	-17316593.036961	-0.017256
17.000000	-14599623.149795	-0.016931
17.000000	-16954456.906291	-0.029308
17.000000	-16954456.906291	-0.009439
17.000000	-17316593.036961	-0.028983
17.000000	-16954456.906291	-0.008787
17.000000	-15571258.280451	-0.031263
17.000000	-16598959.160835	-0.010090
17.000000	-16598959.160835	-0.026051
17.000000	-15571258.280451	-0.021491
17.000000	-15907462.276679	-0.014325
17.000000	-17316593.036961	-0.030286
17.000000	-15907462.276679	-0.010090
17.000000	-15571258.280451	-0.030611
17.000000	-17316593.036961	-0.015628
17.000000	-18061205.325570	-0.024097
17.000000	-18061205.325570	-0.009764
17.000000	-15571258.280451	-0.020188
17.000000	-16598959.160835	-0.021165
17.000000	-16954456.906291	-0.012696
17.000000	-17316593.036961	-0.029308
17.000000	-16249995.320235	-0.008461
17.000000	-16598959.160835	-0.030286
17.000000	-16598959.160835	-0.011393
17.000000	-16249995.320235	-0.024422
17.000000	-16598959.160835	-0.020188
17.000000	-17685473.420306	-0.012696
17.000000	-17685473.420306	-0.028983
17.000000	-16954456.906291	-0.009439
17.000000	-16598959.160835	-0.029634
17.000000	-16598959.160835	-0.012696
17.000000	-15907462.276679	-0.023445
17.000000	-16598959.160835	-0.019536
17.000000	-16598959.160835	-0.013347
17.000000	-15907462.276679	-0.027354
17.000000	-17685473.420306	-0.010742
17.000000	-16598959.160835	-0.026051
17.000000	-16598959.160835	-0.017256
17.000000	-17685473.420306	-0.014976
17.000000	-18061205.325570	-0.024097
17.000000	-17316593.036961	-0.013347
17.000000	-17316593.036961	-0.030286
17.000000	-17316593.036961	-0.008787
17.000000	-16249995.320235	-0.029634
17.000000	-16249995.320235	-0.014650
17.000000	-16598959.160835	-0.019536
17.000000	-16598959.160835	-0.025725
17.000000	-17316593.036961	-0.009439
17.000000	-15571258.280451	-0.030286
17.000000	-16598959.160835	-0.010416
17.000000	-17685473.420306	-0.025400
17.000000	-16249995.320235	-0.013022
17.000000	-17685473.420306	-0.023119
17.000000	-17685473.420306	-0.021165
17.000000	-15907462.276679	-0.014325
17.000000	-17316593.036961	-0.028983
17.000000	-17685473.420306	-0.009439
17.000000	-17316593.036961	-0.029960
17.000000	-15907462.276679	-0.013999
17.000000	-16249995.320235	-0.022142
17.000000	-15907462.276679	-0.021817
